# Generated from ../data/13JUL2013/000.dat
time v v_c
20 0 0
20.005 0 0
20.01 0 0
20.015 0 0
20.02 0 0
20.025 0 0
20.03 0 0
20.035 0 0
20.04 0 0
20.045 0 0
20.05 0 0
20.055 0 0
20.06 0 0
20.065 0 0
20.07 0 0
20.075 0 0
20.08 0 0
20.085 0 0
20.09 0 0
20.095 0 0
20.1 0 0
20.105 0 0
20.11 0 0
20.115 0 0
20.12 0 0
20.125 0 0
20.13 0 0
20.135 0 0
20.14 0 0
20.145 0 0
20.15 0 0
20.155 0 0
20.16 0 0
20.165 0 0
20.17 0 0
20.175 0 0
20.18 0 0
20.185 0 0
20.19 0 0
20.195 0 0
20.2 0 0
20.205 0 0
20.21 0 0
20.215 0 0
20.22 0 0
20.225 0 0
20.23 0 0
20.235 0 0
20.24 0 0
20.245 0 0
20.25 0 0
20.255 0 0
20.26 0 0
20.265 0 0
20.27 0 0
20.275 0 0
20.28 0 0
20.285 0 0
20.29 0 0
20.295 0 0
20.3 0 0
20.305 0 0
20.31 0 0
20.315 0 0
20.32 0 0
20.325 0 0
20.33 0 0
20.335 0 0
20.34 0 0
20.345 0 0
20.35 0 0
20.355 0 0
20.36 0 0
20.365 0 0
20.37 0 0
20.375 0 0
20.38 0 0
20.385 0 0
20.39 0 0
20.395 0 0
20.4 0 0
20.405 0 0
20.41 0 0
20.415 0 0
20.42 0 0
20.425 0 0
20.43 0 0
20.435 0 0
20.44 0 0
20.445 0 0
20.45 0 0
20.455 0 0
20.46 0 0
20.465 0 0
20.47 0 0
20.475 0 0
20.48 0 0
20.485 0 0
20.49 0 0
20.495 0 0
20.5 0 0
20.505 0 0
20.51 0 0
20.515 0 0
20.52 0 0
20.525 0 0
20.53 0 0
20.535 0 0
20.54 0 0
20.545 0 0
20.55 0 0
20.555 0 0
20.56 0 0
20.565 0 0
20.57 0 0
20.575 0 0
20.58 0 0
20.585 0 0
20.59 0 0
20.595 0 0
20.6 0 0
20.605 0 0
20.61 0 0
20.615 0 0
20.62 0 0
20.625 0 0
20.63 0 0
20.635 0 0
20.64 0 0
20.645 0 0
20.65 0 0
20.655 0 0
20.66 0 0
20.665 0 0
20.67 0 0
20.675 0 0
20.68 0 0
20.685 0 0
20.69 0 0
20.695 0 0
20.7 0 0
20.705 0 0
20.71 0 0
20.715 0 0
20.72 0 0
20.725 0 0
20.73 0 0
20.735 0 0
20.74 0 0
20.745 0 0
20.75 0 0
20.755 0 0
20.76 0 0
20.765 0 0
20.77 0 0
20.775 0 0
20.78 0 0
20.785 0 0
20.79 0 0
20.795 0 0
20.8 0 0
20.805 0 0
20.81 0 0
20.815 0 0
20.82 0 0
20.825 0 0
20.83 0 0
20.835 0 0
20.84 0 0
20.845 0 0
20.85 0 0
20.855 0 0
20.86 0 0
20.865 0 0
20.87 0 0
20.875 0 0
20.88 0 2
20.885 0 2
20.89 0 2
20.895 0 2
20.9 0 2
20.905 0 2
20.91 0 2
20.915 0 2
20.92 0 2
20.925 0 2
20.93 0 2
20.935 0.0102863 2
20.94 0.0150332 2
20.945 0.0184915 2
20.95 0.0210106 2
20.955 0.0331323 2
20.96 0.039216 2
20.965 0.0436484 2
20.97 0.0468769 2
20.975 0.0492293 2
20.98 0.0612286 2
20.985 0.0672243 2
20.99 0.0715914 2
20.995 0.0850599 2
21 0.0921241 2
21.005 0.0972714 2
21.01 0.111306 2
21.015 0.118785 2
21.02 0.134519 2
21.025 0.143235 2
21.03 0.139298 2
21.035 0.149463 2
21.04 0.154121 2
21.045 0.167802 2
21.05 0.164734 2
21.055 0.165247 2
21.06 0.175905 2
21.065 0.191211 2
21.07 0.199613 2
21.075 0.205736 2
21.08 0.210194 2
21.085 0.22373 2
21.09 0.220557 2
21.095 0.231279 2
21.1 0.246628 2
21.105 0.24478 2
21.11 0.256463 2
21.115 0.26223 2
21.12 0.266429 2
21.125 0.279777 2
21.13 0.276466 2
21.135 0.287088 2
21.14 0.292078 2
21.145 0.306002 2
21.15 0.313396 2
21.155 0.318785 2
21.16 0.322708 2
21.165 0.32557 2
21.17 0.327651 2
21.175 0.339456 2
21.18 0.345307 2
21.185 0.359858 2
21.19 0.357423 2
21.195 0.358399 2
21.2 0.369392 2
21.205 0.374658 2
21.21 0.378491 2
21.215 0.391573 2
21.22 0.398352 2
21.225 0.413582 2
21.23 0.421925 2
21.235 0.428008 2
21.24 0.432435 2
21.245 0.44595 2
21.25 0.453045 2
21.255 0.458219 2
21.26 0.472269 2
21.265 0.479763 2
21.27 0.485217 2
21.275 0.489195 2
21.28 0.492089 2
21.285 0.504487 2
21.29 0.510768 2
21.295 0.515349 2
21.3 0.518681 2
21.305 0.5314 2
21.31 0.537914 2
21.315 0.542664 2
21.32 0.54612 2
21.325 0.548642 2
21.33 0.56076 2
21.335 0.566848 2
21.34 0.571277 2
21.345 0.584795 2
21.35 0.591891 2
21.355 0.597066 2
21.36 0.60083 2
21.365 0.613865 2
21.37 0.620607 2
21.375 0.63581 2
21.38 0.644133 2
21.385 0.650202 2
21.39 0.664903 2
21.395 0.672873 2
21.4 0.668387 2
21.405 0.678157 2
21.41 0.682522 2
21.415 0.695994 2
21.42 0.703056 2
21.425 0.708207 2
21.43 0.711952 2
21.435 0.724974 2
21.44 0.721421 2
21.445 0.731872 2
21.45 0.736732 2
21.455 0.750566 2
21.46 0.747604 2
21.465 0.758486 2
21.47 0.763662 2
21.475 0.767439 2
21.48 0.78047 2
21.485 0.787224 2
21.49 0.792136 2
21.495 0.806009 2
21.5 0.81336 2
21.505 0.829011 2
21.51 0.827371 2
21.515 0.839217 2
21.52 0.845092 2
21.525 0.84938 2
21.53 0.852496 2
21.535 0.86506 2
21.54 0.871458 2
21.545 0.886414 2
21.55 0.894554 2
21.555 0.910779 2
21.56 0.919844 2
21.565 0.91617 2
21.57 0.926517 2
21.575 0.931317 2
21.58 0.934805 2
21.585 0.947642 2
21.59 0.954237 2
21.595 0.959051 2
21.6 0.962549 2
21.605 0.975393 2
21.61 0.981993 2
21.615 0.986811 2
21.62 1.0006 2
21.625 1.0079 2
21.63 1.0235 2
21.635 1.03213 2
21.64 1.03841 2
21.645 1.04299 2
21.65 1.04631 2
21.655 1.04875 2
21.66 1.0608 2
21.665 1.07713 2
21.67 1.08626 2
21.675 1.09293 2
21.68 1.10806 2
21.685 1.11635 2
21.69 1.12238 2
21.695 1.12678 2
21.7 1.12998 2
21.705 1.1426 2
21.71 1.14904 2
21.715 1.15374 2
21.72 1.16744 2
21.725 1.1644 2
21.73 1.16492 2
21.735 1.1756 2
21.74 1.18062 2
21.745 1.19458 2
21.75 1.20198 2
21.755 1.20739 2
21.76 1.20103 2
21.765 1.20945 2
21.77 1.2231 2
21.775 1.22003 2
21.78 1.22053 2
21.785 1.23119 2
21.79 1.23619 2
21.795 1.25014 2
21.8 1.24725 2
21.805 1.24791 2
21.81 1.25866 2
21.815 1.26376 2
21.82 1.26747 2
21.825 1.28046 2
21.83 1.27688 2
21.835 1.28732 2
21.84 1.28188 2
21.845 1.29096 2
21.85 1.29482 2
21.855 1.30793 2
21.86 1.30443 2
21.865 1.30464 2
21.87 1.31507 2
21.875 1.31994 2
21.88 1.32347 2
21.885 1.33634 2
21.89 1.33267 2
21.895 1.34304 2
21.9 1.34784 2
21.905 1.35135 2
21.91 1.35389 2
21.915 1.35576 2
21.92 1.35711 2
21.925 1.36839 2
21.93 1.37384 2
21.935 1.37783 2
21.94 1.38073 2
21.945 1.39313 2
21.95 1.38913 2
21.955 1.39925 2
21.96 1.40387 2
21.965 1.40725 2
21.97 1.41998 2
21.975 1.41624 2
21.98 1.41624 2
21.985 1.42655 2
21.99 1.43129 2
21.995 1.44504 2
22 1.44202 2
22.005 1.44258 2
22.01 1.45325 2
22.015 1.4583 2
22.02 1.46196 2
22.025 1.45436 2
22.03 1.46183 2
22.035 1.46455 2
22.04 1.46651 2
22.045 1.47825 2
22.05 1.48403 2
22.055 1.48826 2
22.06 1.49133 2
22.065 1.49358 2
22.07 1.4952 2
22.075 1.50668 2
22.08 1.502 2
22.085 1.50135 2
22.09 1.50086 2
22.095 1.51081 2
22.1 1.51529 2
22.105 1.51857 2
22.11 1.52095 2
22.115 1.5227 2
22.12 1.53424 2
22.125 1.53992 2
22.13 1.54404 2
22.135 1.54705 2
22.14 1.54924 2
22.145 1.55084 2
22.15 1.552 2
22.155 1.55285 2
22.16 1.55346 2
22.165 1.56421 2
22.17 1.55899 2
22.175 1.57852 2
22.18 1.57695 2
22.185 1.58886 2
22.19 1.59477 2
22.195 1.59909 2
22.2 1.60223 2
22.205 1.60452 2
22.21 1.60618 2
22.215 1.60741 2
22.22 1.60828 2
22.225 1.60894 2
22.23 1.61968 2
22.235 1.6145 2
22.24 1.62373 2
22.245 1.62773 2
22.25 1.63063 2
22.255 1.63276 2
22.26 1.63429 2
22.265 1.64571 2
22.27 1.64098 2
22.275 1.65058 2
22.28 1.64453 2
22.285 1.64288 2
22.29 1.64166 2
22.295 1.64079 2
22.3 1.65043 2
22.305 1.65472 2
22.31 1.65783 2
22.315 1.66011 2
22.32 1.66176 2
22.325 1.66297 2
22.33 1.67413 2
22.335 1.66924 2
22.34 1.6684 2
22.345 1.66781 2
22.35 1.67765 2
22.355 1.68209 2
22.36 1.67502 2
22.365 1.67264 2
22.37 1.68117 2
22.375 1.68465 2
22.38 1.68717 2
22.385 1.68903 2
22.39 1.70065 2
22.395 1.6961 2
22.4 1.69551 2
22.405 1.70539 2
22.41 1.70982 2
22.415 1.71307 2
22.42 1.70513 2
22.425 1.70211 2
22.43 1.71018 2
22.435 1.71332 2
22.44 1.7156 2
22.445 1.71728 2
22.45 1.71848 2
22.455 1.71938 2
22.46 1.7303 2
22.465 1.72524 2
22.47 1.72428 2
22.475 1.73388 2
22.48 1.73812 2
22.485 1.73093 2
22.49 1.73872 2
22.495 1.74166 2
22.5 1.73349 2
22.505 1.7406 2
22.51 1.74301 2
22.515 1.74478 2
22.52 1.75634 2
22.525 1.75175 2
22.53 1.75113 2
22.535 1.76099 2
22.54 1.75512 2
22.545 1.7536 2
22.55 1.76277 2
22.555 1.75643 2
22.56 1.75454 2
22.565 1.76347 2
22.57 1.75693 2
22.575 1.76521 2
22.58 1.76848 2
22.585 1.76059 2
22.59 1.76786 2
22.595 1.77043 2
22.6 1.77228 2
22.605 1.77365 2
22.61 1.77462 2
22.615 1.77535 2
22.62 1.77587 2
22.625 1.77626 2
22.63 1.77653 2
22.635 1.77674 2
22.64 1.78717 2
22.645 1.78174 2
22.65 1.79081 2
22.655 1.79469 2
22.66 1.78721 2
22.665 1.79481 2
22.67 1.78729 2
22.675 1.79487 2
22.68 1.79763 2
22.685 1.79965 2
22.69 1.80111 2
22.695 1.7919 2
22.7 1.79821 2
22.705 1.81036 2
22.71 1.80617 2
22.715 1.80587 2
22.72 1.81593 2
22.725 1.81024 2
22.73 1.81911 2
22.735 1.81255 2
22.74 1.82079 2
22.745 1.81378 2
22.75 1.82169 2
22.755 1.82472 2
22.76 1.82691 2
22.765 1.82852 2
22.77 1.82968 2
22.775 1.83054 2
22.78 1.83115 2
22.785 1.83162 2
22.79 1.84222 2
22.795 1.83693 2
22.8 1.83581 2
22.805 1.83501 2
22.81 1.84469 2
22.815 1.83873 2
22.82 1.8474 2
22.825 1.85099 2
22.83 1.85359 2
22.835 1.84521 2
22.84 1.85213 2
22.845 1.85443 2
22.85 1.8561 2
22.855 1.84704 2
22.86 1.85346 2
22.865 1.8554 2
22.87 1.8568 2
22.875 1.85784 2
22.88 1.85858 2
22.885 1.85913 2
22.89 1.85952 2
22.895 1.85982 2
22.9 1.86002 2
22.905 1.86019 2
22.91 1.87057 2
22.915 1.86513 2
22.92 1.86389 2
22.925 1.863 2
22.93 1.87262 2
22.935 1.86662 2
22.94 1.86497 2
22.945 1.86379 2
22.95 1.8732 2
22.955 1.87733 2
22.96 1.87003 2
22.965 1.87776 2
22.97 1.87034 2
22.975 1.87799 2
22.98 1.8808 2
22.985 1.88286 2
22.99 1.87406 2
22.995 1.8807 2
23 1.88277 2
23.005 1.87401 2
23.01 1.88064 2
23.015 1.87246 2
23.02 1.87952 2
23.025 1.87164 2
23.03 1.87892 2
23.035 1.87121 2
23.04 1.8786 2
23.045 1.88126 2
23.05 1.87289 2
23.055 1.87985 2
23.06 1.87186 2
23.065 1.8791 2
23.07 1.87132 2
23.075 1.86842 2
23.08 1.87657 2
23.085 1.87978 2
23.09 1.8821 2
23.095 1.88381 2
23.1 1.88504 2
23.105 1.87566 2
23.11 1.88185 2
23.115 1.88363 2
23.12 1.8849 2
23.125 1.88585 2
23.13 1.88652 2
23.135 1.88703 2
23.14 1.88738 2
23.145 1.88766 2
23.15 1.88784 2
23.155 1.88799 2
23.16 1.88808 2
23.165 1.89845 2
23.17 1.89296 2
23.175 1.89172 2
23.18 1.8908 2
23.185 1.89015 2
23.19 1.88965 2
23.195 1.8996 2
23.2 1.90408 2
23.205 1.90736 2
23.21 1.89945 2
23.215 1.90673 2
23.22 1.89899 2
23.225 1.9064 2
23.23 1.89875 2
23.235 1.89594 2
23.24 1.90416 2
23.245 1.90742 2
23.25 1.92006 2
23.255 1.91626 2
23.26 1.91621 2
23.265 1.9162 2
23.27 1.91617 2
23.275 1.91617 2
23.28 1.91615 2
23.285 1.90587 2
23.29 1.90111 2
23.295 1.90794 2
23.3 1.91016 2
23.305 1.91179 2
23.31 1.91296 2
23.315 1.91383 2
23.32 1.91444 2
23.325 1.9252 2
23.33 1.91998 2
23.335 1.90866 2
23.34 1.90314 2
23.345 1.89914 2
23.35 1.90649 2
23.355 1.89883 2
23.36 1.90626 2
23.365 1.89867 2
23.37 1.90615 2
23.375 1.90887 2
23.38 1.91083 2
23.385 1.91228 2
23.39 1.90303 2
23.395 1.89906 2
23.4 1.90643 2
23.405 1.89879 2
23.41 1.90623 2
23.415 1.90893 2
23.42 1.90059 2
23.425 1.90757 2
23.43 1.92017 2
23.435 1.91634 2
23.44 1.91627 2
23.445 1.90596 2
23.45 1.91146 2
23.455 1.91273 2
23.46 1.91365 2
23.465 1.91433 2
23.47 1.90452 2
23.475 1.91043 2
23.48 1.91197 2
23.485 1.91311 2
23.49 1.91392 2
23.495 1.90424 2
23.5 1.91021 2
23.505 1.91183 2
23.51 1.9027 2
23.515 1.9091 2
23.52 1.90072 2
23.525 1.89737 2
23.53 1.9052 2
23.535 1.89789 2
23.54 1.90558 2
23.545 1.89817 2
23.55 1.8955 2
23.555 1.90386 2
23.56 1.90718 2
23.565 1.90962 2
23.57 1.91138 2
23.575 1.90239 2
23.58 1.90886 2
23.585 1.91084 2
23.59 1.91227 2
23.595 1.91333 2
23.6 1.90379 2
23.605 1.9099 2
23.61 1.91158 2
23.615 1.92311 2
23.62 1.91846 2
23.625 1.91784 2
23.63 1.91737 2
23.635 1.91704 2
23.64 1.92707 2
23.645 1.92136 2
23.65 1.91993 2
23.655 1.90862 2
23.66 1.9134 2
23.665 1.91415 2
23.67 1.91468 2
23.675 1.91508 2
23.68 1.91536 2
23.685 1.91558 2
23.69 1.91572 2
23.695 1.91584 2
23.7 1.91591 2
23.705 1.90569 2
23.71 1.90098 2
23.715 1.90785 2
23.72 1.91009 2
23.725 1.91174 2
23.73 1.91292 2
23.735 1.90352 2
23.74 1.90967 2
23.745 1.91143 2
23.75 1.9127 2
23.755 1.91363 2
23.76 1.90401 2
23.765 1.91005 2
23.77 1.91169 2
23.775 1.90262 2
23.78 1.90902 2
23.785 1.91096 2
23.79 1.91235 2
23.795 1.91338 2
23.8 1.9244 2
23.805 1.91941 2
23.81 1.91851 2
23.815 1.90758 2
23.82 1.91264 2
23.825 1.91359 2
23.83 1.91427 2
23.835 1.91478 2
23.84 1.90485 2
23.845 1.91067 2
23.85 1.91214 2
23.855 1.92352 2
23.86 1.91876 2
23.865 1.91806 2
23.87 1.91752 2
23.875 1.91716 2
23.88 1.91687 2
23.885 1.91668 2
23.89 1.91652 2
23.895 1.91642 2
23.9 1.91634 2
23.905 1.91629 2
23.91 1.92652 2
23.915 1.92097 2
23.92 1.91964 2
23.925 1.9187 2
23.93 1.91799 2
23.935 1.92778 2
23.94 1.93215 2
23.945 1.92506 2
23.95 1.92263 2
23.955 1.92087 2
23.96 1.91958 2
23.965 1.92894 2
23.97 1.9227 2
23.975 1.92093 2
23.98 1.91962 2
23.985 1.91868 2
23.99 1.91798 2
23.995 1.92777 2
24 1.92186 2
24.005 1.92031 2
24.01 1.91917 2
24.015 1.91835 2
24.02 1.92803 2
24.025 1.93235 2
24.03 1.92519 2
24.035 1.92274 2
24.04 1.92094 2
24.045 1.91964 2
24.05 1.92896 2
24.055 1.93303 2
24.06 1.92569 2
24.065 1.93339 2
24.07 1.92595 2
24.075 1.93358 2
24.08 1.93637 2
24.085 1.93843 2
24.09 1.92962 2
24.095 1.93625 2
24.1 1.92803 2
24.105 1.9351 2
24.11 1.93748 2
24.115 1.93923 2
24.12 1.9302 2
24.125 1.93668 2
24.13 1.93863 2
24.135 1.94007 2
24.14 1.9411 2
24.145 1.94187 2
24.15 1.93213 2
24.155 1.93808 2
24.16 1.92937 2
24.165 1.93607 2
24.17 1.93819 2
24.175 1.93975 2
24.18 1.94087 2
24.185 1.9417 2
24.19 1.94229 2
24.195 1.94274 2
24.2 1.94304 2
24.205 1.94329 2
24.21 1.94344 2
24.215 1.94358 2
24.22 1.94366 2
24.225 1.93346 2
24.23 1.93903 2
24.235 1.94037 2
24.24 1.94132 2
24.245 1.94204 2
24.25 1.94254 2
24.255 1.95321 2
24.26 1.94793 2
24.265 1.94685 2
24.27 1.94604 2
24.275 1.94548 2
24.28 1.94504 2
24.285 1.94475 2
24.29 1.94451 2
24.295 1.94436 2
24.3 1.94423 2
24.305 1.94415 2
24.31 1.94407 2
24.315 1.94404 2
24.32 1.95428 2
24.325 1.94872 2
24.33 1.9474 2
24.335 1.94646 2
24.34 1.94576 2
24.345 1.94526 2
24.35 1.94488 2
24.355 1.94463 2
24.36 1.94442 2
24.365 1.94429 2
24.37 1.93389 2
24.375 1.93936 2
24.38 1.94059 2
24.385 1.9415 2
24.39 1.94214 2
24.395 1.94263 2
24.4 1.93268 2
24.405 1.93848 2
24.41 1.93994 2
24.415 1.93074 2
24.42 1.93705 2
24.425 1.93892 2
24.43 1.92998 2
24.435 1.93651 2
24.44 1.93851 2
24.445 1.9297 2
24.45 1.93629 2
24.455 1.93837 2
24.46 1.93986 2
24.465 1.94097 2
24.47 1.94175 2
24.475 1.93206 2
24.48 1.93801 2
24.485 1.93962 2
24.49 1.94077 2
24.495 1.94163 2
24.5 1.94224 2
24.505 1.9427 2
24.51 1.94302 2
24.515 1.94327 2
24.52 1.94343 2
24.525 1.94357 2
24.53 1.94365 2
24.535 1.93344 2
24.54 1.93902 2
24.545 1.94035 2
24.55 1.94131 2
24.555 1.94202 2
24.56 1.94252 2
24.565 1.94291 2
24.57 1.94317 2
24.575 1.94338 2
24.58 1.94351 2
24.585 1.94363 2
24.59 1.94369 2
24.595 1.94376 2
24.6 1.9335 2
24.605 1.93908 2
24.61 1.94038 2
24.615 1.94135 2
24.62 1.95232 2
24.625 1.9473 2
24.63 1.95665 2
24.635 1.95045 2
24.64 1.94866 2
24.645 1.94738 2
24.65 1.94643 2
24.655 1.94575 2
24.66 1.94524 2
24.665 1.95517 2
24.67 1.94936 2
24.675 1.94788 2
24.68 1.94679 2
24.685 1.94602 2
24.69 1.94543 2
24.695 1.95531 2
24.7 1.94946 2
24.705 1.94796 2
24.71 1.94685 2
24.715 1.94606 2
24.72 1.94546 2
24.725 1.94505 2
24.73 1.95501 2
24.735 1.94926 2
24.74 1.9478 2
24.745 1.94675 2
24.75 1.95625 2
24.755 1.95016 2
24.76 1.94845 2
24.765 1.94723 2
24.77 1.94631 2
24.775 1.94567 2
24.78 1.95547 2
24.785 1.94959 2
24.79 1.94804 2
24.795 1.95721 2
24.8 1.95084 2
24.805 1.94897 2
24.81 1.94758 2
24.815 1.95688 2
24.82 1.9506 2
24.825 1.94879 2
24.83 1.95774 2
24.835 1.95125 2
24.84 1.94924 2
24.845 1.9478 2
24.85 1.94673 2
24.855 1.94597 2
24.86 1.9454 2
24.865 1.945 2
24.87 1.9447 2
24.875 1.94449 2
24.88 1.95461 2
24.885 1.95925 2
24.89 1.95233 2
24.895 1.96034 2
24.9 1.9634 2
24.905 1.95537 2
24.91 1.95225 2
24.915 1.96028 2
24.92 1.95308 2
24.925 1.95059 2
24.93 1.95905 2
24.935 1.96249 2
24.94 1.95469 2
24.945 1.96205 2
24.95 1.96466 2
24.955 1.97686 2
24.96 1.98298 2
24.965 1.97717 2
24.97 1.97567 2
24.975 1.97459 2
24.98 1.9635 2
24.985 1.96848 2
24.99 1.96934 2
24.995 1.96998 2
25 1.98072 2
25.005 1.97552 2
25.01 1.97447 2
25.015 1.984 2
25.02 1.9779 2
25.025 1.97622 2
25.03 1.97497 2
25.035 1.98437 2
25.04 1.98846 2
25.045 1.98116 2
25.05 1.97858 2
25.055 1.97671 2
25.06 1.97533 2
25.065 1.97435 2
25.07 1.97361 2
25.075 1.98338 2
25.08 1.97745 2
25.085 1.97589 2
25.09 1.97473 2
25.095 1.97391 2
25.1 1.98358 2
25.105 1.97761 2
25.11 1.97599 2
25.115 1.98511 2
25.12 1.98899 2
25.125 1.99184 2
25.13 1.9836 2
25.135 1.98038 2
25.14 1.98829 2
25.145 1.99133 2
25.15 1.99352 2
25.155 1.99514 2
25.16 1.9963 2
25.165 1.99716 2
25.17 1.99777 2
25.175 2.00852 2
25.18 2.0033 2
25.185 2.00226 2
25.19 1.9912 2
25.195 1.98591 2
25.2 1.99232 2
25.205 1.99426 2
25.21 1.99566 2
25.215 1.9967 2
25.22 1.99743 2
25.225 2.00828 2
25.23 2.00312 2
25.235 2.00213 2
25.24 2.00139 2
25.245 1.99059 2
25.25 1.99573 2
25.255 1.99675 2
25.26 1.99747 2
25.265 1.98773 2
25.27 1.98336 2
25.275 1.99048 2
25.28 1.9929 2
25.285 1.99469 2
25.29 1.99597 2
25.295 1.99692 2
25.3 1.9976 2
25.305 1.99811 2
25.31 1.99846 2
25.315 1.98845 2
25.32 1.98388 2
25.325 1.99086 2
25.33 1.99318 2
25.335 1.99489 2
25.34 1.99612 2
25.345 1.99703 2
25.35 1.99768 2
25.355 1.99816 2
25.36 2.00879 2
25.365 2.0138 2
25.37 2.01743 2
25.375 2.0201 2
25.38 2.03231 2
25.385 2.02819 2
25.39 2.02791 2
25.395 2.02773 2
25.4 2.02758 2
25.405 2.02749 2
25.41 2.02741 2
25.415 2.02736 2
25.42 2.02731 2
25.425 2.02729 2
25.43 2.02726 2
25.435 2.03754 2
25.44 2.04227 2
25.445 2.03544 2
25.45 2.0332 2
25.455 2.03158 2
25.46 2.03039 2
25.465 2.02953 2
25.47 2.02889 2
25.475 2.01816 2
25.48 2.02335 2
25.485 2.02441 2
25.49 2.02516 2
25.495 2.02573 2
25.5 2.02612 2
25.505 2.02643 2
25.51 2.02663 2
25.515 2.0268 2
25.52 2.0269 2
25.525 2.02699 2
25.53 2.02704 2
25.535 2.01681 2
25.54 2.02237 2
25.545 2.0237 2
25.55 2.02464 2
25.555 2.02535 2
25.56 2.02584 2
25.565 2.02623 2
25.57 2.02648 2
25.575 2.02669 2
25.58 2.02682 2
25.585 2.02694 2
25.59 2.027 2
25.595 2.01678 2
25.6 2.02235 2
25.605 2.02368 2
25.61 2.02463 2
25.615 2.02534 2
25.62 2.02584 2
25.625 2.02622 2
25.63 2.02648 2
25.635 2.02669 2
25.64 2.02682 2
25.645 2.02694 2
25.65 2.027 2
25.655 2.01678 2
25.66 2.01206 2
25.665 2.01893 2
25.67 2.02117 2
25.675 2.02282 2
25.68 2.024 2
25.685 2.02489 2
25.69 2.03579 2
25.695 2.03073 2
25.7 2.02976 2
25.705 2.02908 2
25.71 2.02856 2
25.715 2.02821 2
25.72 2.02793 2
25.725 2.02774 2
25.73 2.02759 2
25.735 2.0275 2
25.74 2.02741 2
25.745 2.02737 2
25.75 2.0376 2
25.755 2.04233 2
25.76 2.03547 2
25.765 2.03324 2
25.77 2.03159 2
25.775 2.03041 2
25.78 2.02953 2
25.785 2.02891 2
25.79 2.03873 2
25.795 2.03286 2
25.8 2.03132 2
25.805 2.03021 2
25.81 2.02939 2
25.815 2.02881 2
25.82 2.03865 2
25.825 2.0431 2
25.83 2.04631 2
25.835 2.04868 2
25.84 2.04009 2
25.845 2.03661 2
25.85 2.03404 2
25.855 2.04249 2
25.86 2.04587 2
25.865 2.04835 2
25.87 2.03986 2
25.875 2.03643 2
25.88 2.03392 2
25.885 2.03211 2
25.89 2.04105 2
25.895 2.03456 2
25.9 2.03256 2
25.905 2.03111 2
25.91 2.01976 2
25.915 2.01425 2
25.92 2.01022 2
25.925 2.0073 2
25.93 2.00516 2
25.935 2.0139 2
25.94 2.01751 2
25.945 2.02015 2
25.95 2.01177 2
25.955 2.00843 2
25.96 2.00598 2
25.965 2.00422 2
25.97 2.00291 2
25.975 2.00198 2
25.98 2.00128 2
25.985 2.00079 2
25.99 2.0107 2
25.995 2.01519 2
26 2.00816 2
26.005 2.01609 2
26.01 2.0191 2
26.015 2.01103 2
26.02 2.00787 2
26.025 2.00559 2
26.03 2.00391 2
26.035 2.00271 2
26.04 2.00181 2
26.045 2.01146 2
26.05 2.01573 2
26.055 2.00857 2
26.06 2.01636 2
26.065 2.01931 2
26.07 2.01116 2
26.075 2.00798 2
26.08 2.00565 2
26.085 2.00397 2
26.09 2.00273 2
26.095 2.01213 2
26.1 2.00592 2
26.105 2.00417 2
26.11 2.01316 2
26.115 2.00669 2
26.12 2.00471 2
26.125 2.00328 2
26.13 2.00223 2
26.135 2.00148 2
26.14 2.00091 2
26.145 1.99023 2
26.15 1.99547 2
26.155 1.99656 2
26.16 1.99733 2
26.165 2.0082 2
26.17 2.00307 2
26.175 2.00209 2
26.18 2.00136 2
26.185 2.00085 2
26.19 1.99017 2
26.195 1.99545 2
26.2 1.99652 2
26.205 1.99732 2
26.21 2.00817 2
26.215 2.01335 2
26.22 2.00682 2
26.225 2.00483 2
26.23 2.00335 2
26.235 2.0023 2
26.24 2.0118 2
26.245 2.00571 2
26.25 2.004 2
26.255 2.00277 2
26.26 2.00186 2
26.265 2.00121 2
26.27 2.00072 2
26.275 2.00038 2
26.28 2.00012 2
26.285 1.99994 2
26.29 1.9998 2
26.295 1.99971 2
26.3 1.98934 2
26.305 1.98455 2
26.31 1.98105 2
26.315 1.9888 2
26.32 1.99168 2
26.325 1.9938 2
26.33 1.98503 2
26.335 1.98141 2
26.34 1.98905 2
26.345 1.98159 2
26.35 1.97889 2
26.355 1.97694 2
26.36 1.98579 2
26.365 1.97922 2
26.37 1.97716 2
26.375 1.97568 2
26.38 1.98487 2
26.385 1.98883 2
26.39 1.98142 2
26.395 1.98907 2
26.4 1.99187 2
26.405 1.99394 2
26.41 1.98514 2
26.415 1.98149 2
26.42 1.97882 2
26.425 1.98717 2
26.43 1.98021 2
26.435 1.9779 2
26.44 1.98649 2
26.445 1.99001 2
26.45 1.98228 2
26.455 1.97941 2
26.46 1.98758 2
26.465 1.98053 2
26.47 1.97811 2
26.475 1.97637 2
26.48 1.97509 2
26.485 1.98446 2
26.49 1.97823 2
26.495 1.97646 2
26.5 1.97515 2
26.505 1.97421 2
26.51 1.97351 2
26.515 1.97302 2
26.52 1.97265 2
26.525 1.9724 2
26.53 1.97219 2
26.535 1.97207 2
26.54 1.96167 2
26.545 1.96714 2
26.55 1.96837 2
26.555 1.96928 2
26.56 1.98021 2
26.565 1.98545 2
26.57 1.97895 2
26.575 1.97699 2
26.58 1.97554 2
26.585 1.9745 2
26.59 1.97373 2
26.595 1.97319 2
26.6 1.98305 2
26.605 1.98752 2
26.61 1.98046 2
26.615 1.97809 2
26.62 1.98662 2
26.625 1.97983 2
26.63 1.9776 2
26.635 1.98629 2
26.64 1.98985 2
26.645 1.99246 2
26.65 1.98406 2
26.655 1.98071 2
26.66 1.97825 2
26.665 1.97647 2
26.67 1.97516 2
26.675 1.97422 2
26.68 1.98381 2
26.685 1.97777 2
26.69 1.97611 2
26.695 1.97491 2
26.7 1.97402 2
26.705 1.97339 2
26.71 1.97292 2
26.715 1.97259 2
26.72 1.98262 2
26.725 1.97691 2
26.73 1.97548 2
26.735 1.97445 2
26.74 1.97369 2
26.745 1.97315 2
26.75 1.97274 2
26.755 1.97246 2
26.76 1.98252 2
26.765 1.97684 2
26.77 1.97543 2
26.775 1.96413 2
26.78 1.96891 2
26.785 1.96967 2
26.79 1.97021 2
26.795 1.97061 2
26.8 1.98118 2
26.805 1.97586 2
26.81 1.97471 2
26.815 1.9739 2
26.82 1.97328 2
26.825 1.97286 2
26.83 1.97252 2
26.835 1.9723 2
26.84 1.97212 2
26.845 1.97201 2
26.85 1.97191 2
26.855 1.97185 2
26.86 1.97179 2
26.865 1.97177 2
26.87 1.98202 2
26.875 1.98676 2
26.88 1.99019 2
26.885 1.98243 2
26.89 1.9795 2
26.895 1.97738 2
26.9 1.97582 2
26.905 1.97471 2
26.91 1.97387 2
26.915 1.98357 2
26.92 1.98787 2
26.925 1.98074 2
26.93 1.97827 2
26.935 1.98677 2
26.94 1.97992 2
26.945 1.97769 2
26.95 1.97604 2
26.955 1.98515 2
26.96 1.98902 2
26.965 1.98158 2
26.97 1.97888 2
26.975 1.97693 2
26.98 1.97549 2
26.985 1.97446 2
26.99 1.9737 2
26.995 1.98344 2
27 1.97749 2
27.005 1.97592 2
27.01 1.97476 2
27.015 1.97393 2
27.02 1.97331 2
27.025 1.97287 2
27.03 1.97254 2
27.035 1.9826 2
27.04 1.98716 2
27.045 1.98022 2
27.05 1.97789 2
27.055 1.96592 2
27.06 1.97022 2
27.065 1.97063 2
27.07 1.9709 2
27.075 1.98141 2
27.08 1.98629 2
27.085 1.97959 2
27.09 1.97743 2
27.095 1.98616 2
27.1 1.97947 2
27.105 1.97736 2
27.11 1.97581 2
27.115 1.98498 2
27.12 1.97861 2
27.125 1.97674 2
27.13 1.97535 2
27.135 1.96408 2
27.14 1.96888 2
27.145 1.96964 2
27.15 1.98047 2
27.155 1.97535 2
27.16 1.97434 2
27.165 1.97362 2
27.17 1.9628 2
27.175 1.95768 2
27.18 1.96421 2
27.185 1.96625 2
27.19 1.96771 2
27.195 1.9688 2
27.2 1.96957 2
27.205 1.97015 2
27.21 1.96027 2
27.215 1.96612 2
27.22 1.96762 2
27.225 1.96873 2
27.23 1.96952 2
27.235 1.97011 2
27.24 1.97053 2
27.245 1.96056 2
27.25 1.96631 2
27.255 1.96778 2
27.26 1.96883 2
27.265 1.97989 2
27.27 1.98519 2
27.275 1.97878 2
27.28 1.97684 2
27.285 1.96516 2
27.29 1.96967 2
27.295 1.97022 2
27.3 1.97061 2
27.305 1.9709 2
27.31 1.9711 2
27.315 1.97127 2
27.32 1.96108 2
27.325 1.96671 2
27.33 1.96805 2
27.335 1.96904 2
27.34 1.98003 2
27.345 1.97503 2
27.35 1.97411 2
27.355 1.97345 2
27.36 1.96267 2
27.365 1.95759 2
27.37 1.96415 2
27.375 1.9662 2
27.38 1.96768 2
27.385 1.96877 2
27.39 1.96955 2
27.395 1.95985 2
27.4 1.9658 2
27.405 1.9674 2
27.41 1.96855 2
27.415 1.96941 2
27.42 1.97001 2
27.425 1.97047 2
27.43 1.9605 2
27.435 1.956 2
27.44 1.963 2
27.445 1.95507 2
27.45 1.95203 2
27.455 1.96012 2
27.46 1.95296 2
27.465 1.95051 2
27.47 1.94871 2
27.475 1.9577 2
27.48 1.9512 2
27.485 1.94923 2
27.49 1.95806 2
27.495 1.95148 2
27.5 1.94941 2
27.505 1.94792 2
27.51 1.95711 2
27.515 1.95079 2
27.52 1.94891 2
27.525 1.94756 2
27.53 1.94656 2
27.535 1.94584 2
27.54 1.9556 2
27.545 1.95997 2
27.55 1.95285 2
27.555 1.96072 2
27.56 1.9534 2
27.565 1.95083 2
27.57 1.94894 2
27.575 1.95787 2
27.58 1.95132 2
27.585 1.94931 2
27.59 1.95812 2
27.595 1.96181 2
27.6 1.95419 2
27.605 1.95141 2
27.61 1.95965 2
27.615 1.95263 2
27.62 1.96054 2
27.625 1.96357 2
27.63 1.95548 2
27.635 1.95234 2
27.64 1.95004 2
27.645 1.95867 2
27.65 1.96219 2
27.655 1.96477 2
27.66 1.96664 2
27.665 1.96801 2
27.67 1.95871 2
27.675 1.96499 2
27.68 1.96679 2
27.685 1.96813 2
27.69 1.95879 2
27.695 1.96505 2
27.7 1.96684 2
27.705 1.95787 2
27.71 1.96436 2
27.715 1.96635 2
27.72 1.96779 2
27.725 1.96885 2
27.73 1.96961 2
27.735 1.97018 2
27.74 1.96029 2
27.745 1.95585 2
27.75 1.96288 2
27.755 1.96528 2
27.76 1.967 2
27.765 1.96828 2
27.77 1.96919 2
27.775 1.96988 2
27.78 1.96007 2
27.785 1.96597 2
27.79 1.96751 2
27.795 1.95836 2
27.8 1.96471 2
27.805 1.96661 2
27.81 1.96798 2
27.815 1.9587 2
27.82 1.96496 2
27.825 1.96679 2
27.83 1.96811 2
27.835 1.96909 2
27.84 1.96978 2
27.845 1.9703 2
27.85 1.96038 2
27.855 1.95591 2
27.86 1.96293 2
27.865 1.96531 2
27.87 1.95674 2
27.875 1.96355 2
27.88 1.96575 2
27.885 1.96737 2
27.89 1.96853 2
27.895 1.96939 2
27.9 1.97 2
27.905 1.96018 2
27.91 1.96603 2
27.915 1.96757 2
27.92 1.95839 2
27.925 1.95447 2
27.93 1.96187 2
27.935 1.96454 2
27.94 1.95618 2
27.945 1.96314 2
27.95 1.96545 2
27.955 1.95686 2
27.96 1.95333 2
27.965 1.96107 2
27.97 1.96394 2
27.975 1.95576 2
27.98 1.95253 2
27.985 1.96048 2
27.99 1.95323 2
27.995 1.9507 2
28 1.95914 2
28.005 1.96255 2
28.01 1.95473 2
28.015 1.96209 2
28.02 1.96468 2
28.025 1.9563 2
28.03 1.95292 2
28.035 1.96077 2
28.04 1.96372 2
28.045 1.96589 2
28.05 1.96745 2
28.055 1.96861 2
28.06 1.96943 2
28.065 1.95976 2
28.07 1.96573 2
28.075 1.96735 2
28.08 1.96852 2
28.085 1.96938 2
28.09 1.96999 2
28.095 1.97046 2
28.1 1.96049 2
28.105 1.96628 2
28.11 1.96774 2
28.115 1.96882 2
28.12 1.97987 2
28.125 1.97491 2
28.13 1.97402 2
28.135 1.97339 2
28.14 1.96263 2
28.145 1.96784 2
28.15 1.96887 2
28.155 1.96964 2
28.16 1.97018 2
28.165 1.9706 2
28.17 1.97088 2
28.175 1.96082 2
28.18 1.9665 2
28.185 1.96792 2
28.19 1.96893 2
28.195 1.96968 2
28.2 1.97021 2
28.205 1.97062 2
28.21 1.96061 2
28.215 1.95608 2
28.22 1.96305 2
28.225 1.9654 2
28.23 1.95681 2
28.235 1.9636 2
28.24 1.96578 2
28.245 1.9571 2
28.25 1.95351 2
28.255 1.9612 2
28.26 1.95375 2
28.265 1.95108 2
28.27 1.95941 2
28.275 1.95246 2
28.28 1.95013 2
28.285 1.94845 2
28.29 1.95749 2
28.295 1.95106 2
28.3 1.94911 2
28.305 1.95799 2
28.31 1.95141 2
28.315 1.94938 2
28.32 1.94788 2
28.325 1.9571 2
28.33 1.95076 2
28.335 1.94891 2
28.34 1.95782 2
28.345 1.95131 2
28.35 1.94929 2
28.355 1.95812 2
28.36 1.96179 2
28.365 1.9542 2
28.37 1.96167 2
28.375 1.96439 2
28.38 1.95607 2
28.385 1.95277 2
28.39 1.96064 2
28.395 1.95335 2
28.4 1.95077 2
28.405 1.9592 2
28.41 1.95228 2
28.415 1.95001 2
28.42 1.94834 2
28.425 1.95743 2
28.43 1.95099 2
28.435 1.94907 2
28.44 1.94766 2
28.445 1.94664 2
28.45 1.94588 2
28.455 1.94535 2
28.46 1.94494 2
28.465 1.94467 2
28.47 1.94445 2
28.475 1.94431 2
28.48 1.94419 2
28.485 1.94412 2
28.49 1.94405 2
28.495 1.94402 2
28.5 1.94398 2
28.505 1.94397 2
28.51 1.94394 2
28.515 1.94394 2
28.52 1.94392 2
28.525 1.94392 2
28.53 1.94391 2
28.535 1.94392 2
28.54 1.9439 2
28.545 1.94391 2
28.55 1.9439 2
28.555 1.94391 2
28.56 1.9439 2
28.565 1.93362 2
28.57 1.93915 2
28.575 1.94045 2
28.58 1.94138 2
28.585 1.94207 2
28.59 1.94256 2
28.595 1.94293 2
28.6 1.94319 2
28.605 1.94339 2
28.61 1.94352 2
28.615 1.93335 2
28.62 1.93895 2
28.625 1.93002 2
28.63 1.93652 2
28.635 1.93854 2
28.64 1.93998 2
28.645 1.93077 2
28.65 1.93707 2
28.655 1.93894 2
28.66 1.94028 2
28.665 1.94127 2
28.67 1.94197 2
28.675 1.93222 2
28.68 1.93813 2
28.685 1.92942 2
28.69 1.9258 2
28.695 1.93347 2
28.7 1.93629 2
28.705 1.92808 2
28.71 1.93511 2
28.715 1.92722 2
28.72 1.93449 2
28.725 1.93705 2
28.73 1.9389 2
28.735 1.92998 2
28.74 1.9365 2
28.745 1.92823 2
28.75 1.92494 2
28.755 1.93284 2
28.76 1.93584 2
28.765 1.92775 2
28.77 1.93487 2
28.775 1.92705 2
28.78 1.93436 2
28.785 1.93696 2
28.79 1.93884 2
28.795 1.92993 2
28.8 1.93646 2
28.805 1.92821 2
28.81 1.9352 2
28.815 1.93758 2
28.82 1.929 2
28.825 1.92551 2
28.83 1.93324 2
28.835 1.92586 2
28.84 1.9335 2
28.845 1.93634 2
28.85 1.9281 2
28.855 1.92487 2
28.86 1.93277 2
28.865 1.92552 2
28.87 1.93325 2
28.875 1.93616 2
28.88 1.92797 2
28.885 1.92477 2
28.89 1.9327 2
28.895 1.92547 2
28.9 1.93322 2
28.905 1.93613 2
28.91 1.92795 2
28.915 1.93504 2
28.92 1.92716 2
28.925 1.92418 2
28.93 1.93227 2
28.935 1.93544 2
28.94 1.92744 2
28.945 1.93466 2
28.95 1.93716 2
28.955 1.92872 2
28.96 1.93558 2
28.965 1.93785 2
28.97 1.92919 2
28.975 1.93594 2
28.98 1.92781 2
28.985 1.92465 2
28.99 1.93261 2
28.995 1.93569 2
29 1.92762 2
29.005 1.9348 2
29.01 1.92697 2
29.015 1.93433 2
29.02 1.93692 2
29.025 1.92854 2
29.03 1.92516 2
29.035 1.933 2
29.04 1.92567 2
29.045 1.92309 2
29.05 1.93148 2
29.055 1.93486 2
29.06 1.92702 2
29.065 1.93436 2
29.07 1.92665 2
29.075 1.93409 2
29.08 1.93675 2
29.085 1.92841 2
29.09 1.92507 2
29.095 1.93294 2
29.1 1.92562 2
29.105 1.93334 2
29.11 1.9362 2
29.115 1.9383 2
29.12 1.93981 2
29.125 1.94093 2
29.13 1.93144 2
29.135 1.93758 2
29.14 1.93929 2
29.145 1.94055 2
29.15 1.93116 2
29.155 1.93738 2
29.16 1.92885 2
29.165 1.9357 2
29.17 1.93791 2
29.175 1.93955 2
29.18 1.94072 2
29.185 1.94159 2
29.19 1.93193 2
29.195 1.93793 2
29.2 1.93954 2
29.205 1.94074 2
29.21 1.9313 2
29.215 1.93748 2
29.22 1.92893 2
29.225 1.93575 2
29.23 1.93795 2
29.235 1.93958 2
29.24 1.94074 2
29.245 1.94161 2
29.25 1.94222 2
29.255 1.94269 2
29.26 1.94301 2
29.265 1.94326 2
29.27 1.93314 2
29.275 1.93882 2
29.28 1.94019 2
29.285 1.94121 2
29.29 1.94193 2
29.295 1.94247 2
29.3 1.94285 2
29.305 1.94315 2
29.31 1.94334 2
29.315 1.9435 2
29.32 1.9436 2
29.325 1.94369 2
29.33 1.94374 2
29.335 1.93351 2
29.34 1.93907 2
29.345 1.9301 2
29.35 1.93659 2
29.355 1.93858 2
29.36 1.94002 2
29.365 1.94108 2
29.37 1.94184 2
29.375 1.94241 2
29.38 1.9428 2
29.385 1.94311 2
29.39 1.94332 2
29.395 1.94349 2
29.4 1.94359 2
29.405 1.94368 2
29.41 1.94373 2
29.415 1.94379 2
29.42 1.94381 2
29.425 1.94384 2
29.43 1.95414 2
29.435 1.94862 2
29.44 1.95762 2
29.445 1.96144 2
29.45 1.95392 2
29.455 1.95121 2
29.46 1.9595 2
29.465 1.95253 2
29.47 1.95018 2
29.475 1.95877 2
29.48 1.95198 2
29.485 1.94979 2
29.49 1.94818 2
29.495 1.95732 2
29.5 1.95092 2
29.505 1.95931 2
29.51 1.96266 2
29.515 1.95483 2
29.52 1.95185 2
29.525 1.9497 2
29.53 1.94812 2
29.535 1.94698 2
29.54 1.94614 2
29.545 1.95583 2
29.55 1.94983 2
29.555 1.94823 2
29.56 1.95733 2
29.565 1.96124 2
29.57 1.95377 2
29.575 1.96139 2
29.58 1.95388 2
29.585 1.95118 2
29.59 1.9492 2
29.595 1.95806 2
29.6 1.95146 2
29.605 1.94942 2
29.61 1.95819 2
29.615 1.95158 2
29.62 1.94948 2
29.625 1.95826 2
29.63 1.96189 2
29.635 1.95427 2
29.64 1.95145 2
29.645 1.95969 2
29.65 1.95265 2
29.655 1.95028 2
29.66 1.94854 2
29.665 1.95758 2
29.67 1.95111 2
29.675 1.95945 2
29.68 1.95247 2
29.685 1.95015 2
29.69 1.94845 2
29.695 1.95751 2
29.7 1.96134 2
29.705 1.95387 2
29.71 1.96144 2
29.715 1.95394 2
29.72 1.95121 2
29.725 1.94923 2
29.73 1.95806 2
29.735 1.95148 2
29.74 1.94941 2
29.745 1.95821 2
29.75 1.95157 2
29.755 1.9495 2
29.76 1.94797 2
29.765 1.95716 2
29.77 1.9508 2
29.775 1.95923 2
29.78 1.9626 2
29.785 1.95478 2
29.79 1.95182 2
29.795 1.94968 2
29.8 1.95839 2
29.805 1.95172 2
29.81 1.95987 2
29.815 1.96309 2
29.82 1.95512 2
29.825 1.95208 2
29.83 1.96014 2
29.835 1.96328 2
29.84 1.95526 2
29.845 1.96247 2
29.85 1.96496 2
29.855 1.95651 2
29.86 1.95308 2
29.865 1.96088 2
29.87 1.9638 2
29.875 1.95566 2
29.88 1.96275 2
29.885 1.96518 2
29.89 1.95665 2
29.895 1.9532 2
29.9 1.96095 2
29.905 1.96387 2
29.91 1.95569 2
29.915 1.96279 2
29.92 1.96519 2
29.925 1.95667 2
29.93 1.9532 2
29.935 1.96097 2
29.94 1.96386 2
29.945 1.95571 2
29.95 1.96278 2
29.955 1.9652 2
29.96 1.95666 2
29.965 1.95321 2
29.97 1.96096 2
29.975 1.96388 2
29.98 1.9557 2
29.985 1.96279 2
29.99 1.96519 2
29.995 1.95667 2
30 1.9532 2
30.005 1.96097 2
30.01 1.96387 2
30.015 1.95571 2
30.02 1.96278 2
30.025 1.95492 2
30.03 1.95192 2
30.035 1.94975 2
30.04 1.95844 2
30.045 1.96204 2
30.05 1.95436 2
30.055 1.96182 2
30.06 1.96448 2
30.065 1.95616 2
30.07 1.95282 2
30.075 1.96069 2
30.08 1.96367 2
30.085 1.95556 2
30.09 1.96267 2
30.095 1.95484 2
30.1 1.95186 2
30.105 1.94971 2
30.11 1.95841 2
30.115 1.96202 2
30.12 1.96463 2
30.125 1.96655 2
30.13 1.96793 2
30.135 1.95867 2
30.14 1.95465 2
30.145 1.96203 2
30.15 1.96464 2
30.155 1.95627 2
30.16 1.96319 2
30.165 1.9655 2
30.17 1.95688 2
30.175 1.95337 2
30.18 1.96107 2
30.185 1.96396 2
30.19 1.96604 2
30.195 1.96758 2
30.2 1.96868 2
30.205 1.9695 2
30.21 1.9598 2
30.215 1.96578 2
30.22 1.96736 2
30.225 1.96854 2
30.23 1.96938 2
30.235 1.97001 2
30.24 1.97046 2
30.245 1.96051 2
30.25 1.96628 2
30.255 1.96775 2
30.26 1.96881 2
30.265 1.97988 2
30.27 1.9749 2
30.275 1.97403 2
30.28 1.97338 2
30.285 1.97293 2
30.29 1.97258 2
30.295 1.97234 2
30.3 1.97215 2
30.305 1.97203 2
30.31 1.97192 2
30.315 1.97187 2
30.32 1.96152 2
30.325 1.96703 2
30.33 1.96828 2
30.335 1.96921 2
30.34 1.98016 2
30.345 1.97512 2
30.35 1.97417 2
30.355 1.9735 2
30.36 1.973 2
30.365 1.97265 2
30.37 1.97237 2
30.375 1.97219 2
30.38 1.98233 2
30.385 1.9767 2
30.39 1.97532 2
30.395 1.96406 2
30.4 1.96886 2
30.405 1.96963 2
30.41 1.97018 2
30.415 1.98088 2
30.42 1.98591 2
30.425 1.97931 2
30.43 1.97722 2
30.435 1.97573 2
30.44 1.97462 2
30.445 1.97383 2
30.45 1.97323 2
30.455 1.97282 2
30.46 1.9725 2
30.465 1.97228 2
30.47 1.97211 2
30.475 1.972 2
30.48 1.9719 2
30.485 1.97185 2
30.49 1.98208 2
30.495 1.9868 2
30.5 1.99022 2
30.505 1.98245 2
30.51 1.97951 2
30.515 1.97739 2
30.52 1.97583 2
30.525 1.97471 2
30.53 1.97388 2
30.535 1.98357 2
30.54 1.98787 2
30.545 1.98074 2
30.55 1.97827 2
30.555 1.98677 2
30.56 1.97992 2
30.565 1.97769 2
30.57 1.97604 2
30.575 1.98515 2
30.58 1.98902 2
30.585 1.98158 2
30.59 1.97888 2
30.595 1.97693 2
30.6 1.98578 2
30.605 1.97921 2
30.61 1.97716 2
30.615 1.98596 2
30.62 1.98961 2
30.625 1.982 2
30.63 1.97919 2
30.635 1.97716 2
30.64 1.97566 2
30.645 1.97459 2
30.65 1.97379 2
30.655 1.98351 2
30.66 1.98782 2
30.665 1.9807 2
30.67 1.97824 2
30.675 1.97647 2
30.68 1.97516 2
30.685 1.97422 2
30.69 1.97351 2
30.695 1.97302 2
30.7 1.98292 2
30.705 1.97713 2
30.71 1.97563 2
30.715 1.97456 2
30.72 1.97376 2
30.725 1.9732 2
30.73 1.97277 2
30.735 1.98277 2
30.74 1.98728 2
30.745 1.9803 2
30.75 1.97794 2
30.755 1.97625 2
30.76 1.97499 2
30.765 1.97409 2
30.77 1.97342 2
30.775 1.98324 2
30.78 1.98763 2
30.785 1.98056 2
30.79 1.97814 2
30.795 1.96611 2
30.8 1.97035 2
30.805 1.97072 2
30.81 1.97097 2
30.815 1.98146 2
30.82 1.98633 2
30.825 1.97961 2
30.83 1.97745 2
30.835 1.97589 2
30.84 1.97473 2
30.845 1.97391 2
30.85 1.97329 2
30.855 1.97286 2
30.86 1.97253 2
30.865 1.97231 2
30.87 1.97212 2
30.875 1.96173 2
30.88 1.96716 2
30.885 1.9684 2
30.89 1.97956 2
30.895 1.98497 2
30.9 1.9786 2
30.905 1.97673 2
30.91 1.96506 2
30.915 1.95933 2
30.92 1.96541 2
30.925 1.96712 2
30.93 1.96835 2
30.935 1.96926 2
30.94 1.96991 2
30.945 1.97039 2
30.95 1.98102 2
30.955 1.97574 2
30.96 1.97463 2
30.965 1.97384 2
30.97 1.98352 2
30.975 1.97757 2
30.98 1.97596 2
30.985 1.9748 2
30.99 1.96366 2
30.995 1.96859 2
31 1.96942 2
31.005 1.98033 2
31.01 1.98551 2
31.015 1.97901 2
31.02 1.97701 2
31.025 1.96528 2
31.03 1.96976 2
31.035 1.97029 2
31.04 1.97065 2
31.045 1.97094 2
31.05 1.98141 2
31.055 1.97603 2
31.06 1.97484 2
31.065 1.97399 2
31.07 1.97335 2
31.075 1.9729 2
31.08 1.97256 2
31.085 1.98261 2
31.09 1.97689 2
31.095 1.97548 2
31.1 1.97444 2
31.105 1.96341 2
31.11 1.96839 2
31.115 1.96929 2
31.12 1.98021 2
31.125 1.98544 2
31.13 1.97895 2
31.135 1.97698 2
31.14 1.97553 2
31.145 1.96421 2
31.15 1.96897 2
31.155 1.96972 2
31.16 1.97024 2
31.165 1.97065 2
31.17 1.97092 2
31.175 1.97114 2
31.18 1.96099 2
31.185 1.96665 2
31.19 1.96801 2
31.195 1.96902 2
31.2 1.98002 2
31.205 1.97502 2
31.21 1.97411 2
31.215 1.97346 2
31.22 1.96268 2
31.225 1.96788 2
31.23 1.96891 2
31.235 1.96967 2
31.24 1.97021 2
31.245 1.97062 2
31.25 1.97089 2
31.255 1.96083 2
31.26 1.96651 2
31.265 1.96792 2
31.27 1.96893 2
31.275 1.97997 2
31.28 1.97496 2
31.285 1.97408 2
31.29 1.97341 2
31.295 1.96266 2
31.3 1.96785 2
31.305 1.9689 2
31.31 1.96964 2
31.315 1.98049 2
31.32 1.97534 2
31.325 1.97435 2
31.33 1.97361 2
31.335 1.9731 2
31.34 1.9727 2
31.345 1.97243 2
31.35 1.9825 2
31.355 1.98711 2
31.36 1.98016 2
31.365 1.97787 2
31.37 1.97618 2
31.375 1.97496 2
31.38 1.97406 2
31.385 1.97342 2
31.39 1.98322 2
31.395 1.98764 2
31.4 1.98055 2
31.405 1.97815 2
31.41 1.97638 2
31.415 1.97511 2
31.42 1.97417 2
31.425 1.9735 2
31.43 1.98328 2
31.435 1.98768 2
31.44 1.98058 2
31.445 1.97817 2
31.45 1.97639 2
31.455 1.97512 2
31.46 1.97418 2
31.465 1.97351 2
31.47 1.98328 2
31.475 1.97739 2
31.48 1.97583 2
31.485 1.97471 2
31.49 1.96359 2
31.495 1.96854 2
31.5 1.96938 2
31.505 1.97001 2
31.51 1.98074 2
31.515 1.97554 2
31.52 1.97448 2
31.525 1.97373 2
31.53 1.96287 2
31.535 1.96802 2
31.54 1.969 2
31.545 1.96974 2
31.55 1.98054 2
31.555 1.97539 2
31.56 1.97437 2
31.565 1.97365 2
31.57 1.9731 2
31.575 1.97272 2
31.58 1.97243 2
31.585 1.98252 2
31.59 1.9871 2
31.595 1.98018 2
31.6 1.97786 2
31.605 1.97619 2
31.61 1.97495 2
31.615 1.97407 2
31.62 1.97341 2
31.625 1.98323 2
31.63 1.97734 2
31.635 1.97581 2
31.64 1.97468 2
31.645 1.96358 2
31.65 1.96852 2
31.655 1.96938 2
31.66 1.96999 2
31.665 1.98075 2
31.67 1.97553 2
31.675 1.97449 2
31.68 1.97371 2
31.685 1.96288 2
31.69 1.96801 2
31.695 1.96901 2
31.7 1.96972 2
31.705 1.97027 2
31.71 1.97064 2
31.715 1.97093 2
31.72 1.96083 2
31.725 1.96653 2
31.73 1.96792 2
31.735 1.96895 2
31.74 1.97996 2
31.745 1.97498 2
31.75 1.97407 2
31.755 1.97343 2
31.76 1.96266 2
31.765 1.96786 2
31.77 1.96888 2
31.775 1.96965 2
31.78 1.97019 2
31.785 1.9706 2
31.79 1.97088 2
31.795 1.96082 2
31.8 1.9665 2
31.805 1.96792 2
31.81 1.96893 2
31.815 1.97997 2
31.82 1.97496 2
31.825 1.97408 2
31.83 1.97341 2
31.835 1.96266 2
31.84 1.96785 2
31.845 1.96889 2
31.85 1.96964 2
31.855 1.9702 2
31.86 1.97059 2
31.865 1.97089 2
31.87 1.96081 2
31.875 1.96651 2
31.88 1.9679 2
31.885 1.96894 2
31.89 1.96967 2
31.895 1.97022 2
31.9 1.97061 2
31.905 1.97091 2
31.91 1.96082 2
31.915 1.96652 2
31.92 1.96791 2
31.925 1.95865 2
31.93 1.96493 2
31.935 1.96677 2
31.94 1.9578 2
31.945 1.95404 2
31.95 1.96156 2
31.955 1.96432 2
31.96 1.9663 2
31.965 1.96777 2
31.97 1.96882 2
31.975 1.9696 2
31.98 1.95987 2
31.985 1.96583 2
31.99 1.96741 2
31.995 1.96857 2
32 1.95912 2
32.005 1.96528 2
32.01 1.96701 2
32.015 1.958 2
32.02 1.96445 2
32.025 1.96642 2
32.03 1.96784 2
32.035 1.97917 2
32.04 1.97438 2
32.045 1.97365 2
32.05 1.96282 2
32.055 1.95769 2
32.06 1.96423 2
32.065 1.96626 2
32.07 1.96771 2
32.075 1.9688 2
32.08 1.96957 2
32.085 1.97015 2
32.09 1.96027 2
32.095 1.96612 2
32.1 1.96762 2
32.105 1.96873 2
32.11 1.96952 2
32.115 1.97011 2
32.12 1.97053 2
32.125 1.97085 2
32.13 1.96078 2
32.135 1.96649 2
32.14 1.96789 2
32.145 1.96892 2
32.15 1.96966 2
32.155 1.97022 2
32.16 1.96032 2
32.165 1.95587 2
32.17 1.9629 2
32.175 1.96529 2
32.18 1.96701 2
32.185 1.96829 2
32.19 1.9692 2
32.195 1.96988 2
32.2 1.96007 2
32.205 1.96598 2
32.21 1.96751 2
32.215 1.95837 2
32.22 1.95443 2
32.225 1.96187 2
32.23 1.95423 2
32.235 1.95144 2
32.24 1.95967 2
32.245 1.96294 2
32.25 1.9653 2
32.255 1.96704 2
32.26 1.96829 2
32.265 1.95893 2
32.27 1.95484 2
32.275 1.95188 2
32.28 1.95999 2
32.285 1.96317 2
32.29 1.95518 2
32.295 1.96242 2
32.3 1.95463 2
32.305 1.95173 2
32.31 1.95988 2
32.315 1.96309 2
32.32 1.95513 2
32.325 1.96237 2
32.33 1.96489 2
32.335 1.96674 2
32.34 1.95778 2
32.345 1.95402 2
32.35 1.96155 2
32.355 1.96431 2
32.36 1.9663 2
32.365 1.96777 2
32.37 1.95853 2
32.375 1.95457 2
32.38 1.95166 2
32.385 1.95985 2
32.39 1.96305 2
32.395 1.97569 2
32.4 1.97184 2
32.405 1.97181 2
32.41 1.97176 2
32.415 1.97175 2
32.42 1.97172 2
32.425 1.97171 2
32.43 1.97169 2
32.435 1.9717 2
32.44 1.97168 2
32.445 1.97169 2
32.45 1.96139 2
32.455 1.96694 2
32.46 1.96821 2
32.465 1.97945 2
32.47 1.98487 2
32.475 1.97855 2
32.48 1.97667 2
32.485 1.97532 2
32.49 1.96404 2
32.495 1.96887 2
32.5 1.96962 2
32.505 1.97018 2
32.51 1.98087 2
32.515 1.97563 2
32.52 1.97455 2
32.525 1.97378 2
32.53 1.9732 2
32.535 1.97279 2
32.54 1.97248 2
32.545 1.98255 2
32.55 1.97684 2
32.555 1.97545 2
32.56 1.97441 2
32.565 1.96339 2
32.57 1.96838 2
32.575 1.96928 2
32.58 1.96992 2
32.585 1.98069 2
32.59 1.97549 2
32.595 1.97446 2
32.6 1.97369 2
32.605 1.96287 2
32.61 1.968 2
32.615 1.969 2
32.62 1.96972 2
32.625 1.98054 2
32.63 1.97538 2
32.635 1.97438 2
32.64 1.97364 2
32.645 1.97311 2
32.65 1.97271 2
32.655 1.97244 2
32.66 1.98251 2
32.665 1.98712 2
32.67 1.98017 2
32.675 1.97787 2
32.68 1.97618 2
32.685 1.97496 2
32.69 1.97406 2
32.695 1.97342 2
32.7 1.98322 2
32.705 1.97735 2
32.71 1.9758 2
32.715 1.97469 2
32.72 1.96357 2
32.725 1.96853 2
32.73 1.96937 2
32.735 1.97001 2
32.74 1.98073 2
32.745 1.97554 2
32.75 1.97448 2
32.755 1.97373 2
32.76 1.96287 2
32.765 1.96802 2
32.77 1.969 2
32.775 1.96974 2
32.78 1.98054 2
32.785 1.97539 2
32.79 1.97437 2
32.795 1.97365 2
32.8 1.9731 2
32.805 1.97272 2
32.81 1.97243 2
32.815 1.98252 2
32.82 1.9871 2
32.825 1.98018 2
32.83 1.97786 2
32.835 1.97619 2
32.84 1.97495 2
32.845 1.97407 2
32.85 1.97341 2
32.855 1.98323 2
32.86 1.98762 2
32.865 1.98056 2
32.87 1.97813 2
32.875 1.97639 2
32.88 1.9751 2
32.885 1.97418 2
32.89 1.97349 2
32.895 1.98329 2
32.9 1.97738 2
32.905 1.97584 2
32.91 1.9747 2
32.915 1.97389 2
32.92 1.97328 2
32.925 1.97285 2
32.93 1.97252 2
32.935 1.98259 2
32.94 1.97687 2
32.945 1.97547 2
32.95 1.97443 2
32.955 1.9634 2
32.96 1.96838 2
32.965 1.96929 2
32.97 1.96992 2
32.975 1.97041 2
32.98 1.97074 2
32.985 1.971 2
32.99 1.96089 2
32.995 1.96657 2
33 1.96794 2
33.005 1.96896 2
33.01 1.9594 2
33.015 1.96548 2
33.02 1.96715 2
33.025 1.9581 2
33.03 1.95423 2
33.035 1.96172 2
33.04 1.96441 2
33.045 1.96638 2
33.05 1.96781 2
33.055 1.96886 2
33.06 1.95932 2
33.065 1.95514 2
33.07 1.96236 2
33.075 1.9649 2
33.08 1.96672 2
33.085 1.96807 2
33.09 1.96904 2
33.095 1.96976 2
33.1 1.95999 2
33.105 1.96591 2
33.11 1.96747 2
33.115 1.96862 2
33.12 1.96944 2
33.125 1.97005 2
33.13 1.97048 2
33.135 1.96053 2
33.14 1.95601 2
33.145 1.96302 2
33.15 1.96536 2
33.155 1.96708 2
33.16 1.96832 2
33.165 1.96924 2
33.17 1.9596 2
33.175 1.95535 2
33.18 1.96252 2
33.185 1.96501 2
33.19 1.96681 2
33.195 1.96814 2
33.2 1.96909 2
33.205 1.95951 2
33.21 1.95527 2
33.215 1.96248 2
33.22 1.96496 2
33.225 1.96679 2
33.23 1.96811 2
33.235 1.96909 2
33.24 1.96978 2
33.245 1.96002 2
33.25 1.96592 2
33.255 1.96749 2
33.26 1.96862 2
33.265 1.96945 2
33.27 1.97005 2
33.275 1.9705 2
33.28 1.96052 2
33.285 1.95602 2
33.29 1.96301 2
33.295 1.96537 2
33.3 1.96707 2
33.305 1.96833 2
33.31 1.96923 2
33.315 1.95961 2
33.32 1.95534 2
33.325 1.96253 2
33.33 1.965 2
33.335 1.95654 2
33.34 1.96338 2
33.345 1.96564 2
33.35 1.95698 2
33.355 1.95344 2
33.36 1.96113 2
33.365 1.964 2
33.37 1.96607 2
33.375 1.9676 2
33.38 1.9687 2
33.385 1.96952 2
33.39 1.95981 2
33.395 1.96578 2
33.4 1.96737 2
33.405 1.96855 2
33.41 1.96939 2
33.415 1.97002 2
33.42 1.97046 2
33.425 1.96051 2
33.43 1.96628 2
33.435 1.96775 2
33.44 1.96881 2
33.445 1.97988 2
33.45 1.9749 2
33.455 1.97403 2
33.46 1.97338 2
33.465 1.97293 2
33.47 1.97258 2
33.475 1.97235 2
33.48 1.97216 2
33.485 1.98233 2
33.49 1.97668 2
33.495 1.97534 2
33.5 1.97434 2
33.505 1.97363 2
33.51 1.97309 2
33.515 1.97272 2
33.52 1.98272 2
33.525 1.98727 2
33.53 1.99057 2
33.535 1.98271 2
33.54 1.9797 2
33.545 1.98782 2
33.55 1.98069 2
33.555 1.97825 2
33.56 1.97646 2
33.565 1.98545 2
33.57 1.97896 2
33.575 1.97699 2
33.58 1.97553 2
33.585 1.98478 2
33.59 1.97847 2
33.595 1.97663 2
33.6 1.98556 2
33.605 1.98934 2
33.61 1.99207 2
33.615 1.9838 2
33.62 1.9805 2
33.625 1.96782 2
33.63 1.9716 2
33.635 1.97163 2
33.64 1.97163 2
33.645 1.98194 2
33.65 1.9764 2
33.655 1.97512 2
33.66 1.97418 2
33.665 1.98379 2
33.67 1.97775 2
33.675 1.97611 2
33.68 1.97489 2
33.685 1.98431 2
33.69 1.98841 2
33.695 1.98113 2
33.7 1.97855 2
33.705 1.97669 2
33.71 1.97532 2
33.715 1.97434 2
33.72 1.98389 2
33.725 1.98812 2
33.73 1.99119 2
33.735 1.98315 2
33.74 1.98002 2
33.745 1.98805 2
33.75 1.98085 2
33.755 1.97837 2
33.76 1.97654 2
33.765 1.98551 2
33.77 1.98929 2
33.775 1.98177 2
33.78 1.97902 2
33.785 1.97703 2
33.79 1.97557 2
33.795 1.97452 2
33.8 1.97374 2
33.805 1.98347 2
33.81 1.9878 2
33.815 1.98068 2
33.82 1.97823 2
33.825 1.97646 2
33.83 1.97515 2
33.835 1.97421 2
33.84 1.97351 2
33.845 1.98331 2
33.85 1.98768 2
33.855 1.9806 2
33.86 1.97816 2
33.865 1.97641 2
33.87 1.97511 2
33.875 1.97419 2
33.88 1.9735 2
33.885 1.9833 2
33.89 1.98767 2
33.895 1.98059 2
33.9 1.97816 2
33.905 1.97641 2
33.91 1.97511 2
33.915 1.97419 2
33.92 1.97349 2
33.925 1.98329 2
33.93 1.98767 2
33.935 1.99088 2
33.94 1.98291 2
33.945 1.97986 2
33.95 1.98792 2
33.955 1.98077 2
33.96 1.97829 2
33.965 1.98679 2
33.97 1.99021 2
33.975 1.98244 2
33.98 1.97951 2
33.985 1.97739 2
33.99 1.97583 2
33.995 1.97471 2
34 1.97388 2
34.005 1.98357 2
34.01 1.98787 2
34.015 1.98074 2
34.02 1.97827 2
34.025 1.97649 2
34.03 1.96488 2
34.035 1.96948 2
34.04 1.97007 2
34.045 1.97051 2
34.05 1.97082 2
34.055 1.97106 2
34.06 1.97122 2
34.065 1.96106 2
34.07 1.96668 2
34.075 1.96804 2
34.08 1.96902 2
34.085 1.98004 2
34.09 1.97501 2
34.095 1.97411 2
34.1 1.97344 2
34.105 1.96268 2
34.11 1.96786 2
34.115 1.96891 2
34.12 1.96965 2
34.125 1.97021 2
34.13 1.97059 2
34.135 1.9709 2
34.14 1.96081 2
34.145 1.96652 2
34.15 1.96791 2
34.155 1.96894 2
34.16 1.97996 2
34.165 1.97497 2
34.17 1.97407 2
34.175 1.97343 2
34.18 1.96265 2
34.185 1.96786 2
34.19 1.96888 2
34.195 1.96965 2
34.2 1.98048 2
34.205 1.97535 2
34.21 1.97434 2
34.215 1.97363 2
34.22 1.97309 2
34.225 1.97271 2
34.23 1.97242 2
34.235 1.98251 2
34.24 1.97681 2
34.245 1.97543 2
34.25 1.9744 2
34.255 1.97367 2
34.26 1.97312 2
34.265 1.97273 2
34.27 1.97244 2
34.275 1.98252 2
34.28 1.97682 2
34.285 1.97543 2
34.29 1.9744 2
34.295 1.96338 2
34.3 1.96837 2
34.305 1.96928 2
34.31 1.96992 2
34.315 1.98069 2
34.32 1.97549 2
34.325 1.97446 2
34.33 1.97369 2
34.335 1.97315 2
34.34 1.97274 2
34.345 1.97246 2
34.35 1.97224 2
34.355 1.97209 2
34.36 1.97197 2
34.365 1.9719 2
34.37 1.96154 2
34.375 1.96705 2
34.38 1.96829 2
34.385 1.96922 2
34.39 1.98016 2
34.395 1.97512 2
34.4 1.97417 2
34.405 1.9735 2
34.41 1.96271 2
34.415 1.9679 2
34.42 1.96891 2
34.425 1.96967 2
34.43 1.97021 2
34.435 1.97061 2
34.44 1.97089 2
34.445 1.97111 2
34.45 1.97125 2
34.455 1.97138 2
34.46 1.97145 2
34.465 1.9818 2
34.47 1.9763 2
34.475 1.97505 2
34.48 1.97413 2
34.485 1.96318 2
34.49 1.96822 2
34.495 1.96917 2
34.5 1.96984 2
34.505 1.98063 2
34.51 1.97544 2
34.515 1.97443 2
34.52 1.97367 2
34.525 1.97314 2
34.53 1.97273 2
34.535 1.97245 2
34.54 1.97223 2
34.545 1.98238 2
34.55 1.97671 2
34.555 1.97535 2
34.56 1.97434 2
34.565 1.97363 2
34.57 1.97309 2
34.575 1.97271 2
34.58 1.98271 2
34.585 1.97697 2
34.59 1.97552 2
34.595 1.97449 2
34.6 1.97371 2
34.605 1.97317 2
34.61 1.97275 2
34.615 1.97247 2
34.62 1.98253 2
34.625 1.98713 2
34.63 1.98018 2
34.635 1.97788 2
34.64 1.97618 2
34.645 1.97497 2
34.65 1.97406 2
34.655 1.97342 2
34.66 1.98322 2
34.665 1.98764 2
34.67 1.98055 2
34.675 1.97815 2
34.68 1.98667 2
34.685 1.97986 2
34.69 1.97763 2
34.695 1.97602 2
34.7 1.98512 2
34.705 1.98901 2
34.71 1.98155 2
34.715 1.97888 2
34.72 1.97691 2
34.725 1.9755 2
34.73 1.97445 2
34.735 1.97371 2
34.74 1.98343 2
34.745 1.98779 2
34.75 1.98066 2
34.755 1.97823 2
34.76 1.97644 2
34.765 1.97515 2
34.77 1.9742 2
34.775 1.97352 2
34.78 1.9833 2
34.785 1.98769 2
34.79 1.99087 2
34.795 1.98292 2
34.8 1.97986 2
34.805 1.98793 2
34.81 1.98076 2
34.815 1.9783 2
34.82 1.98678 2
34.825 1.99023 2
34.83 1.99272 2
34.835 1.98427 2
34.84 1.98084 2
34.845 1.98865 2
34.85 1.98128 2
34.855 1.97868 2
34.86 1.98705 2
34.865 1.99043 2
34.87 1.99286 2
34.875 1.98437 2
34.88 1.98092 2
34.885 1.97842 2
34.89 1.98686 2
34.895 1.98 2
34.9 1.97773 2
34.905 1.98638 2
34.91 1.98992 2
34.915 1.98223 2
34.92 1.97935 2
34.925 1.97728 2
34.93 1.98603 2
34.935 1.9794 2
34.94 1.97729 2
34.945 1.98606 2
34.95 1.98968 2
34.955 1.99234 2
34.96 1.98398 2
34.965 1.98064 2
34.97 1.98848 2
34.975 1.99147 2
34.98 1.98334 2
34.985 1.98018 2
34.99 1.98815 2
34.995 1.99122 2
35 1.99344 2
35.005 1.9848 2
35.01 1.99151 2
35.015 1.99367 2
35.02 1.98494 2
35.025 1.98135 2
35.03 1.989 2
35.035 1.99184 2
35.04 1.98361 2
35.045 1.98038 2
35.05 1.97801 2
35.055 1.98658 2
35.06 1.99006 2
35.065 1.98233 2
35.07 1.97943 2
35.075 1.98762 2
35.08 1.98053 2
35.085 1.97814 2
35.09 1.97637 2
35.095 1.96482 2
35.1 1.96942 2
35.105 1.97004 2
35.11 1.97047 2
35.115 1.98109 2
35.12 1.97578 2
35.125 1.97467 2
35.13 1.97385 2
35.135 1.97327 2
35.14 1.97282 2
35.145 1.97252 2
35.15 1.97228 2
35.155 1.96184 2
35.16 1.96725 2
35.165 1.96846 2
35.17 1.95903 2
35.175 1.96522 2
35.18 1.96696 2
35.185 1.96825 2
35.19 1.96917 2
35.195 1.96986 2
35.2 1.96006 2
35.205 1.95568 2
35.21 1.95247 2
35.215 1.96044 2
35.22 1.96348 2
35.225 1.95543 2
35.23 1.96258 2
35.235 1.96505 2
35.24 1.96684 2
35.245 1.95788 2
35.25 1.96436 2
35.255 1.96635 2
35.26 1.96779 2
35.265 1.96885 2
35.27 1.96961 2
35.275 1.97018 2
35.28 1.96029 2
35.285 1.96613 2
35.29 1.96763 2
35.295 1.97902 2
35.3 1.98456 2
35.305 1.97832 2
35.31 1.9765 2
35.315 1.9752 2
35.32 1.97423 2
35.325 1.97354 2
35.33 1.97302 2
35.335 1.97266 2
35.34 1.98266 2
35.345 1.98722 2
35.35 1.99053 2
35.355 1.98267 2
35.36 1.98995 2
35.365 1.99254 2
35.37 1.98411 2
35.375 1.99102 2
35.38 1.9933 2
35.385 1.99497 2
35.39 1.99617 2
35.395 1.99706 2
35.4 2.00798 2
35.405 2.00293 2
35.41 2.00197 2
35.415 2.01158 2
35.42 2.00553 2
35.425 2.00389 2
35.43 2.00267 2
35.435 2.0018 2
35.44 2.00115 2
35.445 2.0007 2
35.45 2.01063 2
35.455 2.00486 2
35.46 2.00338 2
35.465 2.01261 2
35.47 2.01656 2
35.475 2.00918 2
35.48 2.00652 2
35.485 2.00461 2
35.49 2.0032 2
35.495 2.00219 2
35.5 2.00143 2
35.505 2.0009 2
35.51 2.0005 2
35.515 2.01051 2
35.52 2.00475 2
35.525 2.00332 2
35.53 2.00225 2
35.535 2.0015 2
35.54 2.00093 2
35.545 2.00054 2
35.55 2.01052 2
35.555 2.00477 2
35.56 2.00332 2
35.565 2.00227 2
35.57 2.01178 2
35.575 2.01598 2
35.58 2.00873 2
35.585 2.00622 2
35.59 2.00437 2
35.595 2.01333 2
35.6 2.0068 2
35.605 2.00481 2
35.61 2.00335 2
35.615 2.01258 2
35.62 2.00626 2
35.625 2.00442 2
35.63 2.00306 2
35.635 2.00208 2
35.64 2.00136 2
35.645 1.99056 2
35.65 1.99571 2
35.655 1.98645 2
35.66 1.98242 2
35.665 1.97951 2
35.67 1.97738 2
35.675 1.98612 2
35.68 1.98973 2
35.685 1.99238 2
35.69 1.984 2
35.695 1.99095 2
35.7 1.98296 2
35.705 1.9799 2
35.71 1.97766 2
35.715 1.98633 2
35.72 1.98988 2
35.725 1.99249 2
35.73 1.99436 2
35.735 1.98547 2
35.74 1.992 2
35.745 1.99403 2
35.75 1.99549 2
35.755 1.99657 2
35.76 1.99734 2
35.765 1.98764 2
35.77 1.98329 2
35.775 1.96986 2
35.78 1.9628 2
35.785 1.96797 2
35.79 1.96897 2
35.795 1.98001 2
35.8 1.98528 2
35.805 1.98914 2
35.81 1.99193 2
35.815 1.9837 2
35.82 1.98043 2
35.825 1.97806 2
35.83 1.97632 2
35.835 1.97507 2
35.84 1.97414 2
35.845 1.98377 2
35.85 1.98802 2
35.855 1.99114 2
35.86 1.99339 2
35.865 1.99504 2
35.87 2.00652 2
35.875 2.00186 2
35.88 2.00119 2
35.885 2.00073 2
35.89 2.00037 2
35.895 1.98984 2
35.9 1.9849 2
35.905 1.98132 2
35.91 1.98897 2
35.915 1.98154 2
35.92 1.97885 2
35.925 1.9872 2
35.93 1.99051 2
35.935 1.98266 2
35.94 1.97967 2
35.945 1.96722 2
35.95 1.96088 2
35.955 1.96657 2
35.96 1.96794 2
35.965 1.96896 2
35.97 1.97998 2
35.975 1.97498 2
35.98 1.97408 2
35.985 1.97343 2
35.99 1.97294 2
35.995 1.97261 2
36 1.96206 2
36.005 1.95714 2
36.01 1.95354 2
36.015 1.95093 2
36.02 1.94901 2
36.025 1.94763 2
36.03 1.94661 2
36.035 1.94588 2
36.04 1.95562 2
36.045 1.9497 2
36.05 1.94812 2
36.055 1.94698 2
36.06 1.93585 2
36.065 1.93051 2
36.07 1.92659 2
36.075 1.92376 2
36.08 1.92168 2
36.085 1.93047 2
36.09 1.92382 2
36.095 1.93203 2
36.1 1.92496 2
36.105 1.93286 2
36.11 1.92556 2
36.115 1.92301 2
36.12 1.92113 2
36.125 1.91978 2
36.13 1.91878 2
36.135 1.91807 2
36.14 1.91754 2
36.145 1.91716 2
36.15 1.90659 2
36.155 1.91194 2
36.16 1.91307 2
36.165 1.91391 2
36.17 1.9145 2
36.175 1.90467 2
36.18 1.90023 2
36.185 1.9073 2
36.19 1.90969 2
36.195 1.91145 2
36.2 1.91271 2
36.205 1.92394 2
36.21 1.91906 2
36.215 1.91828 2
36.22 1.91768 2
36.225 1.91727 2
36.23 1.91695 2
36.235 1.91674 2
36.24 1.91656 2
36.245 1.92674 2
36.25 1.93139 2
36.255 1.9348 2
36.26 1.93726 2
36.265 1.93907 2
36.27 1.94037 2
36.275 1.94134 2
36.28 1.94203 2
36.285 1.93226 2
36.29 1.93816 2
36.295 1.93973 2
36.3 1.93056 2
36.305 1.93694 2
36.31 1.93882 2
36.315 1.9505 2
36.32 1.95624 2
36.325 1.96044 2
36.33 1.96348 2
36.335 1.96571 2
36.34 1.95704 2
36.345 1.95348 2
36.35 1.95087 2
36.355 1.95927 2
36.36 1.95234 2
36.365 1.96035 2
36.37 1.96341 2
36.375 1.95538 2
36.38 1.96254 2
36.385 1.96503 2
36.39 1.96682 2
36.395 1.96815 2
36.4 1.9691 2
36.405 1.96981 2
36.41 1.96002 2
36.415 1.95565 2
36.42 1.95245 2
36.425 1.96043 2
36.43 1.95318 2
36.435 1.96096 2
36.44 1.95357 2
36.445 1.95096 2
36.45 1.94903 2
36.455 1.94765 2
36.46 1.94662 2
36.465 1.94589 2
36.47 1.94534 2
36.475 1.94496 2
36.48 1.94466 2
36.485 1.93418 2
36.49 1.93956 2
36.495 1.93046 2
36.5 1.92656 2
36.505 1.93402 2
36.51 1.9367 2
36.515 1.92838 2
36.52 1.92504 2
36.525 1.92263 2
36.53 1.92086 2
36.535 1.92987 2
36.54 1.92338 2
36.545 1.92142 2
36.55 1.91998 2
36.555 1.91894 2
36.56 1.91817 2
36.565 1.92791 2
36.57 1.92196 2
36.575 1.92039 2
36.58 1.92951 2
36.585 1.92314 2
36.59 1.93151 2
36.595 1.93489 2
36.6 1.92704 2
36.605 1.92409 2
36.61 1.92192 2
36.615 1.92036 2
36.62 1.92949 2
36.625 1.92312 2
36.63 1.92122 2
36.635 1.93013 2
36.64 1.93386 2
36.645 1.9366 2
36.65 1.93857 2
36.655 1.94003 2
36.66 1.93078 2
36.665 1.92682 2
36.67 1.9239 2
36.675 1.9218 2
36.68 1.93054 2
36.685 1.92389 2
36.69 1.92178 2
36.695 1.93054 2
36.7 1.92387 2
36.705 1.93206 2
36.71 1.93527 2
36.715 1.92734 2
36.72 1.93457 2
36.725 1.92683 2
36.73 1.92391 2
36.735 1.92181 2
36.74 1.93055 2
36.745 1.9239 2
36.75 1.92178 2
36.755 1.93054 2
36.76 1.93416 2
36.765 1.93681 2
36.77 1.93873 2
36.775 1.92986 2
36.78 1.93641 2
36.785 1.92816 2
36.79 1.92489 2
36.795 1.93281 2
36.8 1.93581 2
36.805 1.92773 2
36.81 1.93486 2
36.815 1.92704 2
36.82 1.93435 2
36.825 1.93696 2
36.83 1.92855 2
36.835 1.92518 2
36.84 1.92272 2
36.845 1.92094 2
36.85 1.91962 2
36.855 1.92897 2
36.86 1.92273 2
36.865 1.92095 2
36.87 1.91963 2
36.875 1.91869 2
36.88 1.92827 2
36.885 1.92224 2
36.89 1.92057 2
36.895 1.90909 2
36.9 1.91374 2
36.905 1.9144 2
36.91 1.92514 2
36.915 1.93025 2
36.92 1.92366 2
36.925 1.93191 2
36.93 1.92487 2
36.935 1.93279 2
36.94 1.9358 1
36.945 1.92772 1
36.95 1.91428 1
36.955 1.91754 1
36.96 1.90686 1
36.965 1.91213 1
36.97 1.90292 1
36.975 1.89898 1
36.98 1.89609 1
36.985 1.894 1
36.99 1.89246 1
36.995 1.89136 1
37 1.89053 1
37.005 1.87967 1
37.01 1.86419 1
37.015 1.86597 1
37.02 1.85421 1
37.025 1.84842 1
37.03 1.84417 1
37.035 1.83081 1
37.04 1.82381 1
37.045 1.82901 1
37.05 1.81975 1
37.055 1.81577 1
37.06 1.81285 1
37.065 1.81074 1
37.07 1.7989 1
37.075 1.79304 1
37.08 1.77847 1
37.085 1.7809 1
37.09 1.76962 1
37.095 1.75388 1
37.1 1.74515 1
37.105 1.7388 1
37.11 1.73416 1
37.115 1.7308 1
37.12 1.72833 1
37.125 1.71626 1
37.13 1.7102 1
37.135 1.7058 1
37.14 1.6923 1
37.145 1.68522 1
37.15 1.68005 1
37.155 1.6763 1
37.16 1.66326 1
37.165 1.66681 1
37.17 1.66664 1
37.175 1.66653 1
37.18 1.65615 1
37.185 1.65134 1
37.19 1.63754 1
37.195 1.64054 1
37.2 1.62967 1
37.205 1.61423 1
37.21 1.60572 1
37.215 1.60981 1
37.22 1.59975 1
37.225 1.59518 1
37.23 1.59184 1
37.235 1.58942 1
37.24 1.58764 1
37.245 1.57607 1
37.25 1.57037 1
37.255 1.56624 1
37.26 1.55293 1
37.265 1.54599 1
37.27 1.54092 1
37.275 1.53725 1
37.28 1.52427 1
37.285 1.52786 1
37.29 1.51743 1
37.295 1.52287 1
37.3 1.52408 1
37.305 1.51469 1
37.31 1.5003 1
37.315 1.50286 1
37.32 1.50196 1
37.325 1.49103 1
37.33 1.48581 1
37.335 1.48202 1
37.34 1.48952 1
37.345 1.47169 1
37.35 1.47446 1
37.355 1.47375 1
37.36 1.46293 1
37.365 1.45781 1
37.37 1.45406 1
37.375 1.45135 1
37.38 1.44936 1
37.385 1.44792 1
37.39 1.43657 1
37.395 1.43107 1
37.4 1.43733 1
37.405 1.42887 1
37.41 1.42544 1
37.415 1.42296 1
37.42 1.42114 1
37.425 1.41982 1
37.43 1.40857 1
37.435 1.40312 1
37.44 1.39915 1
37.445 1.39626 1
37.45 1.39415 1
37.455 1.39262 1
37.46 1.38121 1
37.465 1.37566 1
37.47 1.38188 1
37.475 1.3734 1
37.48 1.36995 1
37.485 1.36746 1
37.49 1.36562 1
37.495 1.35402 1
37.5 1.35858 1
37.505 1.34888 1
37.51 1.34455 1
37.515 1.34141 1
37.52 1.32883 1
37.525 1.3327 1
37.53 1.33277 1
37.535 1.33283 1
37.54 1.32257 1
37.545 1.31786 1
37.55 1.31441 1
37.555 1.3222 1
37.56 1.31483 1
37.565 1.30193 1
37.57 1.30556 1
37.575 1.29518 1
37.58 1.30064 1
37.585 1.29159 1
37.59 1.28774 1
37.595 1.28494 1
37.6 1.2829 1
37.605 1.28142 1
37.61 1.28032 1
37.615 1.27954 1
37.62 1.26867 1
37.625 1.26351 1
37.63 1.25974 1
37.635 1.26729 1
37.64 1.25975 1
37.645 1.25701 1
37.65 1.24472 1
37.655 1.24881 1
37.66 1.24903 1
37.665 1.23891 1
37.67 1.24457 1
37.675 1.23566 1
37.68 1.23191 1
37.685 1.22919 1
37.69 1.2272 1
37.695 1.22576 1
37.7 1.21441 1
37.705 1.21919 1
37.71 1.21991 1
37.715 1.22045 1
37.72 1.21055 1
37.725 1.21638 1
37.73 1.20758 1
37.735 1.20393 1
37.74 1.20126 1
37.745 1.20961 1
37.75 1.20265 1
37.755 1.20034 1
37.76 1.19864 1
37.765 1.18713 1
37.77 1.19177 1
37.775 1.19241 1
37.78 1.19287 1
37.785 1.18292 1
37.79 1.17842 1
37.795 1.18543 1
37.8 1.17749 1
37.805 1.17447 1
37.81 1.17226 1
37.815 1.17066 1
37.82 1.15919 1
37.825 1.1536 1
37.83 1.1598 1
37.835 1.16158 1
37.84 1.15258 1
37.845 1.14878 1
37.85 1.14601 1
37.855 1.15428 1
37.86 1.15755 1
37.865 1.14965 1
37.87 1.14664 1
37.875 1.14445 1
37.88 1.14285 1
37.885 1.14169 1
37.89 1.13056 1
37.895 1.1252 1
37.9 1.13157 1
37.905 1.13348 1
37.91 1.13485 1
37.915 1.13587 1
37.92 1.1366 1
37.925 1.12685 1
37.93 1.12249 1
37.935 1.12961 1
37.94 1.13204 1
37.945 1.13382 1
37.95 1.12481 1
37.955 1.12102 1
37.96 1.11824 1
37.965 1.11622 1
37.97 1.11475 1
37.975 1.11368 1
37.98 1.11289 1
37.985 1.11233 1
37.99 1.11191 1
37.995 1.10133 1
38 1.09635 1
38.005 1.10303 1
38.01 1.10513 1
38.015 1.10668 1
38.02 1.10779 1
38.025 1.10861 1
38.03 1.09892 1
38.035 1.09461 1
38.04 1.09146 1
38.045 1.08918 1
38.05 1.0875 1
38.055 1.08629 1
38.06 1.0854 1
38.065 1.09505 1
38.07 1.09932 1
38.075 1.10244 1
38.08 1.10471 1
38.085 1.10637 1
38.09 1.10757 1
38.095 1.10845 1
38.1 1.0988 1
38.105 1.09453 1
38.11 1.0914 1
38.115 1.08914 1
38.12 1.08748 1
38.125 1.08628 1
38.13 1.08539 1
38.135 1.08476 1
38.14 1.08429 1
38.145 1.08395 1
38.15 1.0837 1
38.155 1.08353 1
38.16 1.0731 1
38.165 1.06827 1
38.17 1.06473 1
38.175 1.06217 1
38.18 1.06029 1
38.185 1.05893 1
38.19 1.05793 1
38.195 1.05721 1
38.2 1.05668 1
38.205 1.0563 1
38.21 1.05601 1
38.215 1.05581 1
38.22 1.05566 1
38.225 1.05555 1
38.23 1.05547 1
38.235 1.05542 1
38.24 1.05537 1
38.245 1.05535 1
38.25 1.05532 1
38.255 1.05531 1
38.26 1.05529 1
38.265 1.05529 1
38.27 1.05527 1
38.275 1.05528 1
38.28 1.05527 1
38.285 1.05527 1
38.29 1.05526 1
38.295 1.05527 1
38.3 1.05526 1
38.305 1.05527 1
38.31 1.05526 1
38.315 1.05526 1
38.32 1.05526 1
38.325 1.05526 1
38.33 1.05526 1
38.335 1.05526 1
38.34 1.04497 1
38.345 1.04023 1
38.35 1.03677 1
38.355 1.03425 1
38.36 1.03241 1
38.365 1.03108 1
38.37 1.0301 1
38.375 1.0294 1
38.38 1.02887 1
38.385 1.0285 1
38.39 1.02822 1
38.395 1.02803 1
38.4 1.02788 1
38.405 1.02778 1
38.41 1.01741 1
38.415 1.01261 1
38.42 1.00911 1
38.425 1.00656 1
38.43 1.0047 1
38.435 1.01364 1
38.44 1.0174 1
38.445 1.02014 1
38.45 1.02213 1
38.455 1.02359 1
38.46 1.02465 1
38.465 1.02542 1
38.47 1.02598 1
38.475 1.02639 1
38.48 1.02669 1
38.485 1.02691 1
38.49 1.02706 1
38.495 1.0169 1
38.5 1.01223 1
38.505 1.01912 1
38.51 1.02139 1
38.515 1.02305 1
38.52 1.02425 1
38.525 1.02514 1
38.53 1.02577 1
38.535 1.02624 1
38.54 1.02658 1
38.545 1.01654 1
38.55 1.01197 1
38.555 1.00865 1
38.56 1.00622 1
38.565 1.00446 1
38.57 1.00317 1
38.575 1.00224 1
38.58 1.00155 1
38.585 1.00106 1
38.59 1.01098 1
38.595 1.01547 1
38.6 1.00844 1
38.605 1.00608 1
38.61 1.00435 1
38.615 1.0031 1
38.62 1.00217 1
38.625 1.00151 1
38.63 1.00102 1
38.635 1.00067 1
38.64 1.00041 1
38.645 1.00023 1
38.65 1.00009 1
38.655 0.999992 1
38.66 0.999913 1
38.665 0.999866 1
38.67 0.999822 1
38.675 0.999799 1
38.68 0.999773 1
38.685 0.989477 1
38.69 0.984714 1
38.695 0.99154 1
38.7 0.993756 1
38.705 0.995381 1
38.71 0.996554 1
38.715 0.987133 1
38.72 0.983006 1
38.725 0.980009 1
38.73 0.977816 1
38.735 0.986515 1
38.74 0.990096 1
38.745 0.992714 1
38.75 0.994611 1
38.755 0.996004 1
38.76 0.986722 1
38.765 0.982716 1
38.77 0.979788 1
38.775 0.977665 1
38.78 0.986395 1
38.785 0.990018 1
38.79 0.982361 1
38.795 0.97954 1
38.8 0.977474 1
38.805 0.975979 1
38.81 0.985167 1
38.815 0.989123 1
38.82 0.991996 1
38.825 0.983812 1
38.83 0.980587 1
38.835 0.978247 1
38.84 0.976533 1
38.845 0.975293 1
38.85 0.974381 1
38.855 0.973726 1
38.86 0.973239 1
38.865 0.972894 1
38.87 0.972633 1
38.875 0.972453 1
38.88 0.972312 1
38.885 0.982505 1
38.89 0.976888 1
38.895 0.975553 1
38.9 0.97457 1
38.905 0.973864 1
38.91 0.973339 1
38.915 0.972967 1
38.92 0.972686 1
38.925 0.972492 1
38.93 0.97234 1
38.935 0.972239 1
38.94 0.972156 1
38.945 0.972105 1
38.95 0.982345 1
38.955 0.976781 1
38.96 0.975465 1
38.965 0.974515 1
38.97 0.973814 1
38.975 0.973313 1
38.98 0.972939 1
38.985 0.972675 1
38.99 0.972474 1
38.995 0.972337 1
39 0.972227 1
39.005 0.972157 1
39.01 0.972096 1
39.015 0.982347 1
39.02 0.976773 1
39.025 0.975469 1
39.03 0.974509 1
39.035 0.973819 1
39.04 0.973307 1
39.045 0.962657 1
39.05 0.967922 1
39.055 0.969021 1
39.06 0.969811 1
39.065 0.970397 1
39.07 0.970814 1
39.075 0.971128 1
39.08 0.971346 1
39.085 0.971515 1
39.09 0.971629 1
39.095 0.971721 1
39.1 0.971779 1
39.105 0.961544 1
39.11 0.956826 1
39.115 0.963683 1
39.12 0.965923 1
39.125 0.967565 1
39.13 0.968751 1
39.135 0.969625 1
39.14 0.970251 1
39.145 0.970718 1
39.15 0.971048 1
39.155 0.971298 1
39.16 0.97147 1
39.165 0.961319 1
39.17 0.956661 1
39.175 0.963564 1
39.18 0.965836 1
39.185 0.967501 1
39.19 0.968705 1
39.195 0.969591 1
39.2 0.970227 1
39.205 0.9707 1
39.21 0.971035 1
39.215 0.971288 1
39.22 0.971463 1
39.225 0.961314 1
39.23 0.956658 1
39.235 0.963561 1
39.24 0.965834 1
39.245 0.9675 1
39.25 0.968703 1
39.255 0.959304 1
39.26 0.965479 1
39.265 0.967241 1
39.27 0.968515 1
39.275 0.969453 1
39.28 0.95984 1
39.285 0.955593 1
39.29 0.95249 1
39.295 0.960525 1
39.3 0.963622 1
39.305 0.965889 1
39.31 0.96753 1
39.315 0.958449 1
39.32 0.964856 1
39.325 0.966787 1
39.33 0.968184 1
39.335 0.969212 1
39.34 0.959665 1
39.345 0.955465 1
39.35 0.962683 1
39.355 0.965204 1
39.36 0.967031 1
39.365 0.968372 1
39.37 0.969339 1
39.375 0.970053 1
39.38 0.970563 1
39.385 0.970945 1
39.39 0.971213 1
39.395 0.971418 1
39.4 0.961272 1
39.405 0.956636 1
39.41 0.963536 1
39.415 0.965825 1
39.42 0.967484 1
39.425 0.968701 1
39.43 0.969579 1
39.435 0.970228 1
39.44 0.970691 1
39.445 0.971038 1
39.45 0.971281 1
39.455 0.971468 1
39.46 0.961308 1
39.465 0.956662 1
39.47 0.963555 1
39.475 0.965838 1
39.48 0.967494 1
39.485 0.968709 1
39.49 0.969584 1
39.495 0.970232 1
39.5 0.970694 1
39.505 0.97104 1
39.51 0.971282 1
39.515 0.971469 1
39.52 0.961309 1
39.525 0.956663 1
39.53 0.963555 1
39.535 0.96584 1
39.54 0.967494 1
39.545 0.968709 1
39.55 0.969584 1
39.555 0.970232 1
39.56 0.970694 1
39.565 0.97104 1
39.57 0.971283 1
39.575 0.961183 1
39.58 0.956562 1
39.585 0.953205 1
39.59 0.961036 1
39.595 0.964005 1
39.6 0.966157 1
39.605 0.967735 1
39.61 0.958589 1
39.615 0.964968 1
39.62 0.966859 1
39.625 0.968246 1
39.63 0.958961 1
39.635 0.954953 1
39.64 0.952024 1
39.645 0.949899 1
39.65 0.958628 1
39.655 0.96225 1
39.66 0.954593 1
39.665 0.951771 1
39.67 0.959991 1
39.675 0.963243 1
39.68 0.965603 1
39.685 0.957045 1
39.69 0.953548 1
39.695 0.951009 1
39.7 0.949151 1
39.705 0.958092 1
39.71 0.96185 1
39.715 0.954311 1
39.72 0.951556 1
39.725 0.959845 1
39.73 0.963127 1
39.735 0.965527 1
39.74 0.956981 1
39.745 0.95351 1
39.75 0.950972 1
39.755 0.959419 1
39.76 0.962817 1
39.765 0.965302 1
39.77 0.967102 1
39.775 0.958137 1
39.78 0.964629 1
39.785 0.966622 1
39.79 0.957778 1
39.795 0.954091 1
39.8 0.951396 1
39.805 0.949441 1
39.81 0.958294 1
39.815 0.962007 1
39.82 0.954416 1
39.825 0.951642 1
39.83 0.949611 1
39.835 0.958428 1
39.84 0.951809 1
39.845 0.949742 1
39.85 0.948228 1
39.855 0.947134 1
39.86 0.946327 1
39.865 0.945749 1
39.87 0.945319 1
39.875 0.945014 1
39.88 0.944784 1
39.885 0.954911 1
39.89 0.949247 1
39.895 0.947876 1
39.9 0.946868 1
39.905 0.946143 1
39.91 0.945606 1
39.915 0.95551 1
39.92 0.949683 1
39.925 0.948194 1
39.93 0.947099 1
39.935 0.946312 1
39.94 0.945726 1
39.945 0.94531 1
39.95 0.944996 1
39.955 0.944778 1
39.96 0.944609 1
39.965 0.944495 1
39.97 0.944403 1
39.975 0.944345 1
39.98 0.944294 1
39.985 0.944266 1
39.99 0.944236 1
39.995 0.944224 1
40 0.944206 1
