# Generated from ../data/13JUL2013/000.dat
time steer steer_est v v_c
20 0.000628319 0 0 0
20.005 0.000628319 0 0 0
20.01 0.000628319 0 0 0
20.015 0.000628319 0 0 0
20.02 0.000628319 0 0 0
20.025 0.000628319 0 0 0
20.03 0.000628319 0 0 0
20.035 0.000628319 0 0 0
20.04 0.000628319 0 0 0
20.045 0.000628319 0 0 0
20.05 0.000628319 0 0 0
20.055 0.000628319 0 0 0
20.06 0.000628319 0 0 0
20.065 0.000628319 0 0 0
20.07 0.000628319 0 0 0
20.075 0.000628319 0 0 0
20.08 0.000628319 0 0 0
20.085 0.000628319 0 0 0
20.09 0.000628319 0 0 0
20.095 0.000628319 0 0 0
20.1 0.000628319 0 0 0
20.105 0.000628319 0 0 0
20.11 0.000628319 0 0 0
20.115 0.000628319 0 0 0
20.12 0.000628319 0 0 0
20.125 0.000628319 0 0 0
20.13 0.000628319 0 0 0
20.135 0.000628319 0 0 0
20.14 0.000628319 0 0 0
20.145 0.000628319 0 0 0
20.15 0.000628319 0 0 0
20.155 0.000628319 0 0 0
20.16 0.000628319 0 0 0
20.165 0.000628319 0 0 0
20.17 0.000628319 0 0 0
20.175 0.000628319 0 0 0
20.18 0.000628319 0 0 0
20.185 0.000628319 0 0 0
20.19 0.000628319 0 0 0
20.195 0.000628319 0 0 0
20.2 0.000628319 0 0 0
20.205 0.000628319 0 0 0
20.21 0.000628319 0 0 0
20.215 0.000628319 0 0 0
20.22 0.000628319 0 0 0
20.225 0.000628319 0 0 0
20.23 0.000628319 0 0 0
20.235 0.000628319 0 0 0
20.24 0.000628319 0 0 0
20.245 0.000628319 0 0 0
20.25 0.000628319 0 0 0
20.255 0.000628319 0 0 0
20.26 0.000628319 0 0 0
20.265 0.000628319 0 0 0
20.27 0.000628319 0 0 0
20.275 0.000628319 0 0 0
20.28 0.000628319 0 0 0
20.285 0.000628319 0 0 0
20.29 0.000628319 0 0 0
20.295 0.000628319 0 0 0
20.3 0.000628319 0 0 0
20.305 0.000628319 0 0 0
20.31 0.000628319 0 0 0
20.315 0.000628319 0 0 0
20.32 0.000628319 0 0 0
20.325 0.000628319 0 0 0
20.33 0.000628319 0 0 0
20.335 0.000628319 0 0 0
20.34 0.000628319 0 0 0
20.345 0.000628319 0 0 0
20.35 0.000628319 0 0 0
20.355 0.000628319 0 0 0
20.36 0.000628319 0 0 0
20.365 0.000628319 0 0 0
20.37 0.000628319 0 0 0
20.375 0.000628319 0 0 0
20.38 0.000628319 0 0 0
20.385 0.000628319 0 0 0
20.39 0.000628319 0 0 0
20.395 0.000628319 0 0 0
20.4 0.000628319 0 0 0
20.405 0.000628319 0 0 0
20.41 0.000628319 0 0 0
20.415 0.000628319 0 0 0
20.42 0.000628319 0 0 0
20.425 0.000628319 0 0 0
20.43 0.000628319 0 0 0
20.435 0.000628319 0 0 0
20.44 0.000628319 0 0 0
20.445 0.000628319 0 0 0
20.45 0.000628319 0 0 0
20.455 0.000628319 0 0 0
20.46 0.000628319 0 0 0
20.465 0.000628319 0 0 0
20.47 0.000628319 0 0 0
20.475 0.000628319 0 0 0
20.48 0.000628319 0 0 0
20.485 0.000628319 0 0 0
20.49 0.000628319 0 0 0
20.495 0.000628319 0 0 0
20.5 0.000628319 0 0 0
20.505 0.000628319 0 0 0
20.51 0.000628319 0 0 0
20.515 0.000628319 0 0 0
20.52 0.000628319 0 0 0
20.525 0.000628319 0 0 0
20.53 0.000628319 0 0 0
20.535 0.000628319 0 0 0
20.54 0.000628319 0 0 0
20.545 0.000628319 0 0 0
20.55 0.000628319 0 0 0
20.555 0.000628319 0 0 0
20.56 0.000628319 0 0 0
20.565 0.000628319 0 0 0
20.57 0.000628319 0 0 0
20.575 0.000628319 0 0 0
20.58 0.000628319 0 0 0
20.585 0.000628319 0 0 0
20.59 0.000628319 0 0 0
20.595 0.000628319 0 0 0
20.6 0.000628319 0 0 0
20.605 0.000628319 0 0 0
20.61 0.000628319 0 0 0
20.615 0.000628319 0 0 0
20.62 0.000628319 0 0 0
20.625 0.000628319 0 0 0
20.63 0.000628319 0 0 0
20.635 0.000628319 0 0 0
20.64 0.000628319 0 0 0
20.645 0.000628319 0 0 0
20.65 0.000628319 0 0 0
20.655 0.000628319 0 0 0
20.66 0.000628319 0 0 0
20.665 0.000628319 0 0 0
20.67 0.000628319 0 0 0
20.675 0.000628319 0 0 0
20.68 0.000628319 0 0 0
20.685 0.000628319 0 0 0
20.69 0.000628319 0 0 0
20.695 0.000628319 0 0 0
20.7 0.000628319 0 0 0
20.705 0.000628319 0 0 0
20.71 0.000628319 0 0 0
20.715 0.000628319 0 0 0
20.72 0.000628319 0 0 0
20.725 0.000628319 0 0 0
20.73 0.000628319 0 0 0
20.735 0.000628319 0 0 0
20.74 0.000628319 0 0 0
20.745 0.000628319 0 0 0
20.75 0.000628319 0 0 0
20.755 0.000628319 0 0 0
20.76 0.000628319 0 0 0
20.765 0.000628319 0 0 0
20.77 0.000628319 0 0 0
20.775 0.000628319 0 0 0
20.78 0.000628319 0 0 0
20.785 0.000628319 0 0 0
20.79 0.000628319 0 0 0
20.795 0.000628319 0 0 0
20.8 0.000628319 0 0 0
20.805 0.000628319 0 0 0
20.81 0.000628319 0 0 0
20.815 0.000628319 0 0 0
20.82 0.000628319 0 0 0
20.825 0.000628319 0 0 0
20.83 0.000628319 0 0 0
20.835 0.000628319 0 0 0
20.84 0.000628319 0 0 0
20.845 0.000628319 0 0 0
20.85 0.000628319 0 0 0
20.855 0.000628319 0 0 0
20.86 0.000628319 0 0 0
20.865 0.000628319 0 0 0
20.87 0.000628319 0 0 0
20.875 0.000628319 0 0 0
20.88 0.000628319 0 0 2
20.885 0.000628319 0 0 2
20.89 0.000628319 0 0 2
20.895 0.000942478 0 0 2
20.9 0.000942478 0 0 2
20.905 0.000942478 0 0 2
20.91 0.000628319 0 0 2
20.915 0.000628319 0 0 2
20.92 0.000314159 0 0 2
20.925 0.000314159 0 0 2
20.93 0.000314159 0 0 2
20.935 0 0 0.0102863 2
20.94 0 0 0.0150332 2
20.945 0 0 0.0184915 2
20.95 -0.000314159 0 0.0210106 2
20.955 -0.000314159 0 0.0331323 2
20.96 -0.000628319 0 0.039216 2
20.965 -0.000628319 0 0.0436484 2
20.97 -0.000942478 0 0.0468769 2
20.975 -0.00125664 0 0.0492293 2
20.98 -0.0015708 0 0.0612286 2
20.985 -0.00188496 0 0.0672243 2
20.99 -0.00219911 0 0.0715914 2
20.995 -0.00251327 0 0.0850599 2
21 -0.00282743 0 0.0921241 2
21.005 -0.00314159 0 0.0972714 2
21.01 -0.00345575 0 0.111306 2
21.015 -0.00345575 0 0.118785 2
21.02 -0.00376991 0 0.134519 2
21.025 -0.00408407 0 0.143235 2
21.03 -0.00439823 0 0.139298 2
21.035 -0.00471239 0 0.149463 2
21.04 -0.00471239 0 0.154121 2
21.045 -0.00502655 0 0.167802 2
21.05 -0.00502655 0 0.164734 2
21.055 -0.00534071 0 0.165247 2
21.06 -0.00534071 0 0.175905 2
21.065 -0.00534071 0 0.191211 2
21.07 -0.00565487 0 0.199613 2
21.075 -0.00565487 0 0.205736 2
21.08 -0.00565487 0 0.210194 2
21.085 -0.00565487 0 0.22373 2
21.09 -0.00565487 0 0.220557 2
21.095 -0.00565487 0 0.231279 2
21.1 -0.00565487 0 0.246628 2
21.105 -0.00565487 0 0.24478 2
21.11 -0.00565487 0 0.256463 2
21.115 -0.00565487 0 0.26223 2
21.12 -0.00565487 0 0.266429 2
21.125 -0.00565487 0 0.279777 2
21.13 -0.00565487 0 0.276466 2
21.135 -0.00565487 0 0.287088 2
21.14 -0.00565487 0 0.292078 2
21.145 -0.00565487 0 0.306002 2
21.15 -0.00565487 0 0.313396 2
21.155 -0.00565487 0 0.318785 2
21.16 -0.00565487 0 0.322708 2
21.165 -0.00565487 0 0.32557 2
21.17 -0.00596903 0 0.327651 2
21.175 -0.00596903 0 0.339456 2
21.18 -0.00596903 0 0.345307 2
21.185 -0.00596903 0 0.359858 2
21.19 -0.00628319 0 0.357423 2
21.195 -0.00628319 0 0.358399 2
21.2 -0.00659734 0 0.369392 2
21.205 -0.00659734 0 0.374658 2
21.21 -0.0069115 0 0.378491 2
21.215 -0.00722566 0 0.391573 2
21.22 -0.00722566 0 0.398352 2
21.225 -0.00753982 0 0.413582 2
21.23 -0.00785398 0 0.421925 2
21.235 -0.00816814 0 0.428008 2
21.24 -0.00816814 0 0.432435 2
21.245 -0.0084823 0 0.44595 2
21.25 -0.00879646 0 0.453045 2
21.255 -0.00879646 0 0.458219 2
21.26 -0.00911062 0 0.472269 2
21.265 -0.00911062 0 0.479763 2
21.27 -0.00911062 0 0.485217 2
21.275 -0.00911062 0 0.489195 2
21.28 -0.00942478 0 0.492089 2
21.285 -0.00942478 0 0.504487 2
21.29 -0.00942478 0 0.510768 2
21.295 -0.00942478 0 0.515349 2
21.3 -0.00973894 0 0.518681 2
21.305 -0.00973894 0 0.5314 2
21.31 -0.0100531 0 0.537914 2
21.315 -0.0103673 0 0.542664 2
21.32 -0.0103673 0 0.54612 2
21.325 -0.0106814 0 0.548642 2
21.33 -0.0109956 0 0.56076 2
21.335 -0.0113097 0 0.566848 2
21.34 -0.0116239 0 0.571277 2
21.345 -0.0116239 0 0.584795 2
21.35 -0.0119381 0 0.591891 2
21.355 -0.0122522 0 0.597066 2
21.36 -0.0125664 0 0.60083 2
21.365 -0.0125664 0 0.613865 2
21.37 -0.0128805 0 0.620607 2
21.375 -0.0128805 0 0.63581 2
21.38 -0.0131947 0 0.644133 2
21.385 -0.0135088 0 0.650202 2
21.39 -0.0135088 0 0.664903 2
21.395 -0.013823 0 0.672873 2
21.4 -0.013823 0 0.668387 2
21.405 -0.0141372 0 0.678157 2
21.41 -0.0141372 0 0.682522 2
21.415 -0.0144513 0 0.695994 2
21.42 -0.0144513 0 0.703056 2
21.425 -0.0147655 0 0.708207 2
21.43 -0.0147655 0 0.711952 2
21.435 -0.0150796 0 0.724974 2
21.44 -0.0150796 0 0.721421 2
21.445 -0.0153938 0 0.731872 2
21.45 -0.015708 0 0.736732 2
21.455 -0.0160221 0 0.750566 2
21.46 -0.0163363 0 0.747604 2
21.465 -0.0166504 0 0.758486 2
21.47 -0.0169646 0 0.763662 2
21.475 -0.0175929 0 0.767439 2
21.48 -0.0179071 0 0.78047 2
21.485 -0.0182212 0 0.787224 2
21.49 -0.0188496 0 0.792136 2
21.495 -0.0191637 0 0.806009 2
21.5 -0.0194779 0 0.81336 2
21.505 -0.0201062 0 0.829011 2
21.51 -0.0204204 0 0.827371 2
21.515 -0.0207345 0 0.839217 2
21.52 -0.0210487 0 0.845092 2
21.525 -0.0213628 0 0.84938 2
21.53 -0.021677 0 0.852496 2
21.535 -0.0219911 0 0.86506 2
21.54 -0.0219911 0 0.871458 2
21.545 -0.0223053 0 0.886414 2
21.55 -0.0226195 0 0.894554 2
21.555 -0.0229336 0 0.910779 2
21.56 -0.0232478 0 0.919844 2
21.565 -0.0235619 0 0.91617 2
21.57 -0.0238761 0 0.926517 2
21.575 -0.0241903 0 0.931317 2
21.58 -0.0245044 0 0.934805 2
21.585 -0.0251327 0 0.947642 2
21.59 -0.0254469 0 0.954237 2
21.595 -0.0257611 0 0.959051 2
21.6 -0.0263894 0 0.962549 2
21.605 -0.0267035 0 0.975393 2
21.61 -0.0270177 0 0.981993 2
21.615 -0.027646 0 0.986811 2
21.62 -0.0279602 -0.0283362 1.0006 2
21.625 -0.0282743 -0.0287 1.0079 2
21.63 -0.0285885 -0.0290616 1.0235 2
21.635 -0.0292168 -0.029478 1.03213 2
21.64 -0.029531 -0.0298947 1.03841 2
21.645 -0.0298451 -0.0303006 1.04299 2
21.65 -0.0301593 -0.0306798 1.04631 2
21.655 -0.0307876 -0.031129 1.04875 2
21.66 -0.0311018 -0.0315665 1.0608 2
21.665 -0.0314159 -0.0319789 1.07713 2
21.67 -0.027646 -0.0314405 1.08626 2
21.675 -0.027646 -0.0307005 1.09293 2
21.68 -0.0270177 -0.0296643 1.10806 2
21.685 -0.0267035 -0.0284919 1.11635 2
21.69 -0.0257611 -0.0270803 1.12238 2
21.695 -0.0245044 -0.0254465 1.12678 2
21.7 -0.0232478 -0.0236367 1.12998 2
21.705 -0.0219911 -0.0217024 1.1426 2
21.71 -0.0204204 -0.0196525 1.14904 2
21.715 -0.0191637 -0.0176065 1.15374 2
21.72 -0.0175929 -0.0154778 1.16744 2
21.725 -0.0163363 -0.0134514 1.1644 2
21.73 -0.0150796 -0.0114667 1.16492 2
21.735 -0.0135088 -0.00949785 1.1756 2
21.74 -0.0122522 -0.00757217 1.18062 2
21.745 -0.0106814 -0.00560984 1.19458 2
21.75 -0.00911062 -0.00364596 1.20198 2
21.755 -0.00753982 -0.0016491 1.20739 2
21.76 -0.00534071 0.000483854 1.20103 2
21.765 -0.00345575 0.00269174 1.20945 2
21.77 -0.00125664 0.0050193 1.2231 2
21.775 0.000942478 0.0073805 1.22003 2
21.78 0.00345575 0.0098494 1.22053 2
21.785 0.00596903 0.0123646 1.23119 2
21.79 0.0084823 0.0148644 1.23619 2
21.795 0.0106814 0.017329 1.25014 2
21.8 0.0131947 0.0197381 1.24725 2
21.805 0.0153938 0.0221172 1.24791 2
21.81 0.0175929 0.0244249 1.25866 2
21.815 0.019792 0.0266866 1.26376 2
21.82 0.021677 0.028895 1.26747 2
21.825 0.0235619 0.0310276 1.28046 2
21.83 0.0254469 0.0331582 1.27688 2
21.835 0.0273319 0.0352139 1.28732 2
21.84 0.0289027 0.0371767 1.28188 2
21.845 0.0304734 0.0390472 1.29096 2
21.85 0.0320442 0.0407906 1.29482 2
21.855 0.0333009 0.0423864 1.30793 2
21.86 0.0348717 0.0438716 1.30443 2
21.865 0.0361283 0.0452281 1.30464 2
21.87 0.037385 0.0464928 1.31507 2
21.875 0.0386416 0.0476676 1.31994 2
21.88 0.0398982 0.0488006 1.32347 2
21.885 0.041469 0.0499832 1.33634 2
21.89 0.0427257 0.0511488 1.33267 2
21.895 0.0442965 0.0523401 1.34304 2
21.9 0.0458673 0.0535824 1.34784 2
21.905 0.0471239 0.0547658 1.35135 2
21.91 0.0483805 0.0559135 1.35389 2
21.915 0.0496372 0.0570079 1.35576 2
21.92 0.0508938 0.0580461 1.35711 2
21.925 0.0518363 0.0589969 1.36839 2
21.93 0.0527788 0.059836 1.37384 2
21.935 0.0534071 0.0605886 1.37783 2
21.94 0.0537212 0.0611452 1.38073 2
21.945 0.0543496 0.0616377 1.39313 2
21.95 0.0543496 0.0619924 1.38913 2
21.955 0.0546637 0.0622463 1.39925 2
21.96 0.0549779 0.0624861 1.40387 2
21.965 0.0549779 0.062605 1.40725 2
21.97 0.0549779 0.0626592 1.41998 2
21.975 0.0549779 0.0626232 1.41624 2
21.98 0.0549779 0.062504 1.41624 2
21.985 0.0549779 0.0623199 1.42655 2
21.99 0.0549779 0.0620717 1.43129 2
21.995 0.0549779 0.0617896 1.44504 2
22 0.0549779 0.0614665 1.44202 2
22.005 0.0549779 0.0611318 1.44258 2
22.01 0.055292 0.0608884 1.45325 2
22.015 0.055292 0.0606387 1.4583 2
22.02 0.055292 0.0604419 1.46196 2
22.025 0.0556062 0.0603152 1.45436 2
22.03 0.0556062 0.0601981 1.46183 2
22.035 0.0556062 0.0600827 1.46455 2
22.04 0.0556062 0.0599442 1.46651 2
22.045 0.055292 0.0597119 1.47825 2
22.05 0.0549779 0.0593739 1.48403 2
22.055 0.0543496 0.0588838 1.48826 2
22.06 0.0537212 0.0582521 1.49133 2
22.065 0.0530929 0.0575099 1.49358 2
22.07 0.0521504 0.0566105 1.4952 2
22.075 0.051208 0.0556091 1.50668 2
22.08 0.0502655 0.0545234 1.502 2
22.085 0.0496372 0.0534572 1.50135 2
22.09 0.0486947 0.0523855 1.50086 2
22.095 0.0480664 0.0513619 1.51081 2
22.1 0.047438 0.0504313 1.51529 2
22.105 0.0471239 0.0496354 1.51857 2
22.11 0.0468097 0.0489535 1.52095 2
22.115 0.0461814 0.0483117 1.5227 2
22.12 0.0458673 0.0477259 1.53424 2
22.125 0.0455531 0.0472015 1.53992 2
22.13 0.0452389 0.0466903 1.54404 2
22.135 0.0449248 0.0461997 1.54705 2
22.14 0.0442965 0.0456471 1.54924 2
22.145 0.0439823 0.0450921 1.55084 2
22.15 0.043354 0.044493 1.552 2
22.155 0.0427257 0.0438322 1.55285 2
22.16 0.0420973 0.0431642 1.55346 2
22.165 0.041469 0.042458 1.56421 2
22.17 0.0405265 0.0416861 1.55899 2
22.175 0.0395841 0.0408682 1.57852 2
22.18 0.0389557 0.0400701 1.57695 2
22.185 0.0380133 0.0392469 1.58886 2
22.19 0.037385 0.0384784 1.59477 2
22.195 0.0367566 0.0377426 1.59909 2
22.2 0.0361283 0.0370281 1.60223 2
22.205 0.0358142 0.0364166 1.60452 2
22.21 0.0351858 0.0357999 1.60618 2
22.215 0.0345575 0.0351723 1.60741 2
22.22 0.0342434 0.0346187 1.60828 2
22.225 0.0339292 0.0340528 1.60894 2
22.23 0.0333009 0.0334724 1.61968 2
22.235 0.0329867 0.0329144 1.6145 2
22.24 0.0326726 0.0323656 1.62373 2
22.245 0.0320442 0.0318003 1.62773 2
22.25 0.0317301 0.0312568 1.63063 2
22.255 0.0311018 0.0306877 1.63276 2
22.26 0.0304734 0.0300891 1.63429 2
22.265 0.029531 0.0294326 1.64571 2
22.27 0.0289027 0.0287788 1.64098 2
22.275 0.0282743 0.028135 1.65058 2
22.28 0.0273319 0.0274464 1.64453 2
22.285 0.0267035 0.0267634 1.64288 2
22.29 0.0260752 0.0261293 1.64166 2
22.295 0.0254469 0.0254998 1.64079 2
22.3 0.0248186 0.0248858 1.65043 2
22.305 0.0241903 0.0242832 1.65472 2
22.31 0.0238761 0.0237369 1.65783 2
22.315 0.0232478 0.0232166 1.66011 2
22.32 0.0229336 0.0226924 1.66176 2
22.325 0.0226195 0.0222497 1.66297 2
22.33 0.0223053 0.0218066 1.67413 2
22.335 0.0223053 0.021471 1.66924 2
22.34 0.0219911 0.0211513 1.6684 2
22.345 0.021677 0.0208159 1.66781 2
22.35 0.0213628 0.0205072 1.67765 2
22.355 0.0210487 0.0201856 1.68209 2
22.36 0.0204204 0.0198131 1.67502 2
22.365 0.0201062 0.0194268 1.67264 2
22.37 0.0194779 0.0189655 1.68117 2
22.375 0.0188496 0.0184779 1.68465 2
22.38 0.0185354 0.0180103 1.68717 2
22.385 0.0179071 0.01751 1.68903 2
22.39 0.0172788 0.0169848 1.70065 2
22.395 0.0169646 0.0165034 1.6961 2
22.4 0.0163363 0.0160115 1.69551 2
22.405 0.015708 0.0154981 1.70539 2
22.41 0.0153938 0.0150299 1.70982 2
22.415 0.0147655 0.0145262 1.71307 2
22.42 0.0144513 0.0140479 1.70513 2
22.425 0.013823 0.0135392 1.70211 2
22.43 0.0135088 0.0130191 1.71018 2
22.435 0.0131947 0.0125324 1.71332 2
22.44 0.0125664 0.0119984 1.7156 2
22.445 0.0122522 0.0114908 1.71728 2
22.45 0.0119381 0.0109838 1.71848 2
22.455 0.0113097 0.0104757 1.71938 2
22.46 0.0109956 0.00998596 1.7303 2
22.465 0.0103673 0.00945881 1.72524 2
22.47 0.00973894 0.00892663 1.72428 2
22.475 0.00942478 0.00842797 1.73388 2
22.48 0.00879646 0.00791793 1.73812 2
22.485 0.00816814 0.00734 1.73093 2
22.49 0.00753982 0.00675976 1.73872 2
22.495 0.0069115 0.00614535 1.74166 2
22.5 0.00628319 0.00553261 1.73349 2
22.505 0.00565487 0.00489257 1.7406 2
22.51 0.00502655 0.00424381 1.74301 2
22.515 0.00439823 0.00362442 1.74478 2
22.52 0.00376991 0.00299354 1.75634 2
22.525 0.00345575 0.0024543 1.75175 2
22.53 0.00314159 0.0019829 1.75113 2
22.535 0.00282743 0.00155557 1.76099 2
22.54 0.00219911 0.00112738 1.75512 2
22.545 0.00188496 0.000712925 1.7536 2
22.55 0.0015708 0.000354388 1.76277 2
22.555 0.00125664 2.63241e-06 1.75643 2
22.56 0.000942478 -0.000329796 1.75454 2
22.565 0.000628319 -0.000649649 1.76347 2
22.57 0.000628319 -0.000915224 1.75693 2
22.575 0.000314159 -0.00115346 1.76521 2
22.58 0 -0.00139762 1.76848 2
22.585 -0.000314159 -0.00163285 1.76059 2
22.59 -0.000628319 -0.00187408 1.76786 2
22.595 -0.000942478 -0.00209314 1.77043 2
22.6 -0.00125664 -0.00232195 1.77228 2
22.605 -0.0015708 -0.00253272 1.77365 2
22.61 -0.00188496 -0.00275906 1.77462 2
22.615 -0.00219911 -0.0030099 1.77535 2
22.62 -0.00251327 -0.00324317 1.77587 2
22.625 -0.00282743 -0.0035265 1.77626 2
22.63 -0.00314159 -0.00379397 1.77653 2
22.635 -0.00314159 -0.0040434 1.77674 2
22.64 -0.00345575 -0.0042871 1.78717 2
22.645 -0.00376991 -0.00456338 1.78174 2
22.65 -0.00376991 -0.00475441 1.79081 2
22.655 -0.00376991 -0.00489145 1.79469 2
22.66 -0.00376991 -0.00495985 1.78721 2
22.665 -0.00376991 -0.00496002 1.79481 2
22.67 -0.00376991 -0.00491152 1.78729 2
22.675 -0.00376991 -0.00483337 1.79487 2
22.68 -0.00376991 -0.00470915 1.79763 2
22.685 -0.00376991 -0.00459302 1.79965 2
22.69 -0.00408407 -0.00453333 1.80111 2
22.695 -0.00408407 -0.00447947 1.7919 2
22.7 -0.00439823 -0.00449949 1.79821 2
22.705 -0.00439823 -0.004504 1.81036 2
22.71 -0.00471239 -0.00459869 1.80617 2
22.715 -0.00471239 -0.00465719 1.80587 2
22.72 -0.00502655 -0.00474414 1.81593 2
22.725 -0.00502655 -0.00479718 1.81024 2
22.73 -0.00534071 -0.00489074 1.81911 2
22.735 -0.00534071 -0.00494153 1.81255 2
22.74 -0.00565487 -0.00500494 1.82079 2
22.745 -0.00565487 -0.00502592 1.81378 2
22.75 -0.00565487 -0.00506869 1.82169 2
22.755 -0.00565487 -0.00508572 1.82472 2
22.76 -0.00565487 -0.00510779 1.82691 2
22.765 -0.00565487 -0.00515162 1.82852 2
22.77 -0.00565487 -0.0052068 1.82968 2
22.775 -0.00565487 -0.00527006 1.83054 2
22.78 -0.00596903 -0.00540135 1.83115 2
22.785 -0.00596903 -0.00550264 1.83162 2
22.79 -0.00596903 -0.00558688 1.84222 2
22.795 -0.00596903 -0.00563416 1.83693 2
22.8 -0.00596903 -0.00564302 1.83581 2
22.805 -0.00565487 -0.0055368 1.83501 2
22.81 -0.00565487 -0.00543999 1.84469 2
22.815 -0.00565487 -0.00533391 1.83873 2
22.82 -0.00596903 -0.00527683 1.8474 2
22.825 -0.00596903 -0.00522913 1.85099 2
22.83 -0.00596903 -0.00520458 1.85359 2
22.835 -0.00628319 -0.00525274 1.84521 2
22.84 -0.00628319 -0.00528933 1.85213 2
22.845 -0.00659734 -0.00538949 1.85443 2
22.85 -0.00659734 -0.0054545 1.8561 2
22.855 -0.00659734 -0.00548334 1.84704 2
22.86 -0.00659734 -0.00546056 1.85346 2
22.865 -0.00659734 -0.00541685 1.8554 2
22.87 -0.00659734 -0.00535113 1.8568 2
22.875 -0.00659734 -0.00525506 1.85784 2
22.88 -0.00659734 -0.0051619 1.85858 2
22.885 -0.00659734 -0.00510389 1.85913 2
22.89 -0.00628319 -0.00500341 1.85952 2
22.895 -0.00628319 -0.00494809 1.85982 2
22.9 -0.00628319 -0.00494437 1.86002 2
22.905 -0.00628319 -0.00495972 1.86019 2
22.91 -0.00628319 -0.00499057 1.87057 2
22.915 -0.00628319 -0.00500633 1.86513 2
22.92 -0.00628319 -0.00502547 1.86389 2
22.925 -0.00628319 -0.00499557 1.863 2
22.93 -0.00628319 -0.00496486 1.87262 2
22.935 -0.00628319 -0.00487614 1.86662 2
22.94 -0.00628319 -0.00480887 1.86497 2
22.945 -0.00628319 -0.00473322 1.86379 2
22.95 -0.00628319 -0.00466242 1.8732 2
22.955 -0.00628319 -0.00464449 1.87733 2
22.96 -0.00628319 -0.00462661 1.87003 2
22.965 -0.00628319 -0.00463853 1.87776 2
22.97 -0.00659734 -0.00475076 1.87034 2
22.975 -0.00659734 -0.00482879 1.87799 2
22.98 -0.00659734 -0.00489357 1.8808 2
22.985 -0.00659734 -0.00493494 1.88286 2
22.99 -0.00659734 -0.00494297 1.87406 2
22.995 -0.00659734 -0.00492431 1.8807 2
23 -0.00659734 -0.00488903 1.88277 2
23.005 -0.00659734 -0.00484176 1.87401 2
23.01 -0.00659734 -0.00479557 1.88064 2
23.015 -0.00659734 -0.00475951 1.87246 2
23.02 -0.00659734 -0.00476699 1.87952 2
23.025 -0.00659734 -0.00478468 1.87164 2
23.03 -0.00659734 -0.00480961 1.87892 2
23.035 -0.00628319 -0.00479313 1.87121 2
23.04 -0.00628319 -0.0047584 1.8786 2
23.045 -0.00628319 -0.00473744 1.88126 2
23.05 -0.00628319 -0.00468776 1.87289 2
23.055 -0.00628319 -0.00462581 1.87985 2
23.06 -0.00628319 -0.00454822 1.87186 2
23.065 -0.00628319 -0.00444663 1.8791 2
23.07 -0.00628319 -0.00436613 1.87132 2
23.075 -0.00628319 -0.00430949 1.86842 2
23.08 -0.00628319 -0.00425762 1.87657 2
23.085 -0.00628319 -0.00423033 1.87978 2
23.09 -0.00628319 -0.00424933 1.8821 2
23.095 -0.00628319 -0.00424749 1.88381 2
23.1 -0.00596903 -0.00421102 1.88504 2
23.105 -0.00596903 -0.0041518 1.87566 2
23.11 -0.00596903 -0.00409604 1.88185 2
23.115 -0.00596903 -0.00400847 1.88363 2
23.12 -0.00565487 -0.00384581 1.8849 2
23.125 -0.00565487 -0.0036946 1.88585 2
23.13 -0.00565487 -0.00351791 1.88652 2
23.135 -0.00534071 -0.00331165 1.88703 2
23.14 -0.00534071 -0.00315085 1.88738 2
23.145 -0.00534071 -0.00301978 1.88766 2
23.15 -0.00534071 -0.00293432 1.88784 2
23.155 -0.00534071 -0.00288302 1.88799 2
23.16 -0.00534071 -0.00284612 1.88808 2
23.165 -0.00534071 -0.00282314 1.89845 2
23.17 -0.00534071 -0.00278447 1.89296 2
23.175 -0.00534071 -0.00271366 1.89172 2
23.18 -0.00502655 -0.00257688 1.8908 2
23.185 -0.00502655 -0.0024054 1.89015 2
23.19 -0.00471239 -0.00215376 1.88965 2
23.195 -0.00439823 -0.00187051 1.8996 2
23.2 -0.00439823 -0.00160098 1.90408 2
23.205 -0.00408407 -0.00133752 1.90736 2
23.21 -0.00408407 -0.0011333 1.89945 2
23.215 -0.00376991 -0.000921617 1.90673 2
23.22 -0.00376991 -0.000806048 1.89899 2
23.225 -0.00345575 -0.000657638 1.9064 2
23.23 -0.00345575 -0.000584859 1.89875 2
23.235 -0.00345575 -0.000515211 1.89594 2
23.24 -0.00314159 -0.000427922 1.90416 2
23.245 -0.00314159 -0.000342562 1.90742 2
23.25 -0.00314159 -0.000246375 1.92006 2
23.255 -0.00282743 -0.000121214 1.91626 2
23.26 -0.00282743 -3.90367e-05 1.91621 2
23.265 -0.00282743 3.41707e-05 1.9162 2
23.27 -0.00282743 6.31358e-05 1.91617 2
23.275 -0.00282743 5.81833e-05 1.91617 2
23.28 -0.00282743 8.91949e-06 1.91615 2
23.285 -0.00282743 -6.73293e-05 1.90587 2
23.29 -0.00251327 -7.59937e-05 1.90111 2
23.295 -0.00251327 -0.000103675 1.90794 2
23.3 -0.00251327 -0.000101324 1.91016 2
23.305 -0.00251327 -9.70134e-05 1.91179 2
23.31 -0.00251327 -5.78657e-05 1.91296 2
23.315 -0.00219911 6.61833e-05 1.91383 2
23.32 -0.00219911 0.000183669 1.91444 2
23.325 -0.00219911 0.000327456 1.9252 2
23.33 -0.00219911 0.000431538 1.91998 2
23.335 -0.00219911 0.000550414 1.90866 2
23.34 -0.00219911 0.000612615 1.90314 2
23.345 -0.00219911 0.000662174 1.89914 2
23.35 -0.00219911 0.000689893 1.90649 2
23.355 -0.00219911 0.000696267 1.89883 2
23.36 -0.00219911 0.000713452 1.90626 2
23.365 -0.00219911 0.000711072 1.89867 2
23.37 -0.00219911 0.000712196 1.90615 2
23.375 -0.00188496 0.000800279 1.90887 2
23.38 -0.00188496 0.000876648 1.91083 2
23.385 -0.0015708 0.00103151 1.91228 2
23.39 -0.00125664 0.00123391 1.90303 2
23.395 -0.000942478 0.00147371 1.89906 2
23.4 -0.000942478 0.00166914 1.90643 2
23.405 -0.000628319 0.00188914 1.89879 2
23.41 -0.000314159 0.00214538 1.90623 2
23.415 -0.000314159 0.00231686 1.90893 2
23.42 -0.000314159 0.0024718 1.90059 2
23.425 0 0.00262811 1.90757 2
23.43 0 0.00274126 1.92017 2
23.435 0 0.0028168 1.91634 2
23.44 0 0.00286598 1.91627 2
23.445 0 0.00289436 1.90596 2
23.45 0 0.00290395 1.91146 2
23.455 0 0.00288496 1.91273 2
23.46 0 0.0028397 1.91365 2
23.465 0 0.0028191 1.91433 2
23.47 0 0.00278346 1.90452 2
23.475 0 0.00274875 1.91043 2
23.48 0 0.00270571 1.91197 2
23.485 0.000314159 0.00272401 1.91311 2
23.49 0.000314159 0.00275475 1.91392 2
23.495 0.000314159 0.00275315 1.90424 2
23.5 0.000628319 0.00284181 1.91021 2
23.505 0.000628319 0.00289157 1.91183 2
23.51 0.000628319 0.00290239 1.9027 2
23.515 0.000942478 0.00300548 1.9091 2
23.52 0.000942478 0.00306328 1.90072 2
23.525 0.000942478 0.00311852 1.89737 2
23.53 0.000942478 0.00316634 1.9052 2
23.535 0.000942478 0.00319441 1.89789 2
23.54 0.000942478 0.00323836 1.90558 2
23.545 0.000942478 0.00324528 1.89817 2
23.55 0.000942478 0.0032946 1.8955 2
23.555 0.000942478 0.00332556 1.90386 2
23.56 0.000942478 0.00332175 1.90718 2
23.565 0.000942478 0.00333334 1.90962 2
23.57 0.000628319 0.00324773 1.91138 2
23.575 0.000628319 0.00317591 1.90239 2
23.58 0.000628319 0.00308059 1.90886 2
23.585 0.000628319 0.00298662 1.91084 2
23.59 0.000314159 0.00280922 1.91227 2
23.595 0.000314159 0.00265107 1.91333 2
23.6 0.000314159 0.00250266 1.90379 2
23.605 0.000314159 0.00234886 1.9099 2
23.61 0.000314159 0.00224835 1.91158 2
23.615 0.000314159 0.00213107 1.92311 2
23.62 0.000628319 0.00211136 1.91846 2
23.625 0.000628319 0.002086 1.91784 2
23.63 0.000628319 0.00208716 1.91737 2
23.635 0.000628319 0.00208904 1.91704 2
23.64 0.000628319 0.00207971 1.92707 2
23.645 0.000628319 0.00210246 1.92136 2
23.65 0.000628319 0.00212405 1.91993 2
23.655 0.000628319 0.002154 1.90862 2
23.66 0.000628319 0.00218104 1.9134 2
23.665 0.000314159 0.00216716 1.91415 2
23.67 0.000314159 0.0021645 1.91468 2
23.675 0.000314159 0.00213083 1.91508 2
23.68 0.000314159 0.00214638 1.91536 2
23.685 0.000314159 0.00212132 1.91558 2
23.69 0.000314159 0.00210521 1.91572 2
23.695 0.000314159 0.00208783 1.91584 2
23.7 0.000314159 0.00204307 1.91591 2
23.705 0.000314159 0.00203924 1.90569 2
23.71 0.000314159 0.00199237 1.90098 2
23.715 0.000314159 0.0020236 1.90785 2
23.72 0.000628319 0.00210755 1.91009 2
23.725 0.000942478 0.00223637 1.91174 2
23.73 0.000942478 0.00239123 1.91292 2
23.735 0.000942478 0.00250359 1.90352 2
23.74 0.000942478 0.00262135 1.90967 2
23.745 0.00125664 0.00274643 1.91143 2
23.75 0.00125664 0.00284007 1.9127 2
23.755 0.000942478 0.00278891 1.91363 2
23.76 0.000942478 0.00271527 1.90401 2
23.765 0.000942478 0.00263696 1.91005 2
23.77 0.000628319 0.00247018 1.91169 2
23.775 0.000628319 0.00232116 1.90262 2
23.78 0.000628319 0.00219231 1.90902 2
23.785 0.000628319 0.00210341 1.91096 2
23.79 0.000628319 0.0020798 1.91235 2
23.795 0.000628319 0.00206561 1.91338 2
23.8 0.000628319 0.00210345 1.9244 2
23.805 0.000942478 0.00222358 1.91941 2
23.81 0.000942478 0.00232816 1.91851 2
23.815 0.000942478 0.00239928 1.90758 2
23.82 0.000942478 0.00247351 1.91264 2
23.825 0.000628319 0.00245165 1.91359 2
23.83 0.000628319 0.00239566 1.91427 2
23.835 0.000628319 0.00236871 1.91478 2
23.84 0.000628319 0.00231082 1.90485 2
23.845 0.000628319 0.00228515 1.91067 2
23.85 0.000628319 0.00228132 1.91214 2
23.855 0.000628319 0.00232284 1.92352 2
23.86 0.000628319 0.00237393 1.91876 2
23.865 0.000628319 0.00245049 1.91806 2
23.87 0.000628319 0.00253783 1.91752 2
23.875 0.000628319 0.00262538 1.91716 2
23.88 0.000628319 0.00268282 1.91687 2
23.885 0.000628319 0.00273331 1.91668 2
23.89 0.000628319 0.00273306 1.91652 2
23.895 0.000628319 0.00271745 1.91642 2
23.9 0.000628319 0.00266014 1.91634 2
23.905 0.000314159 0.00255992 1.91629 2
23.91 0.000314159 0.00246207 1.92652 2
23.915 0.000314159 0.00237796 1.92097 2
23.92 0.000314159 0.00231227 1.91964 2
23.925 0.000314159 0.00225164 1.9187 2
23.93 0.000314159 0.00223028 1.91799 2
23.935 0.000628319 0.00227846 1.92778 2
23.94 0.000628319 0.00231264 1.93215 2
23.945 0.000628319 0.0023577 1.92506 2
23.95 0.000628319 0.0023889 1.92263 2
23.955 0.000628319 0.00242483 1.92087 2
23.96 0.000628319 0.00246773 1.91958 2
23.965 0.000628319 0.00253816 1.92894 2
23.97 0.000628319 0.00260641 1.9227 2
23.975 0.000628319 0.00269168 1.92093 2
23.98 0.000628319 0.00277322 1.91962 2
23.985 0.000628319 0.00287852 1.91868 2
23.99 0.000628319 0.00295919 1.91798 2
23.995 0.000314159 0.00295392 1.92777 2
24 0.000314159 0.00294168 1.92186 2
24.005 0.000314159 0.00291211 1.92031 2
24.01 0.000314159 0.00287363 1.91917 2
24.015 0.000314159 0.00282586 1.91835 2
24.02 0.000628319 0.00282457 1.92803 2
24.025 0.000628319 0.00285567 1.93235 2
24.03 0.000628319 0.0029033 1.92519 2
24.035 0.000942478 0.00302861 1.92274 2
24.04 0.00125664 0.00321291 1.92094 2
24.045 0.0015708 0.00346359 1.91964 2
24.05 0.0015708 0.00369042 1.92896 2
24.055 0.00188496 0.0039312 1.93303 2
24.06 0.00188496 0.00412134 1.92569 2
24.065 0.00188496 0.00425067 1.93339 2
24.07 0.00188496 0.00432814 1.92595 2
24.075 0.00188496 0.00434275 1.93358 2
24.08 0.00188496 0.00433404 1.93637 2
24.085 0.00188496 0.00431481 1.93843 2
24.09 0.00188496 0.00428212 1.92962 2
24.095 0.00188496 0.00428504 1.93625 2
24.1 0.00188496 0.00430151 1.92803 2
24.105 0.00188496 0.00434699 1.9351 2
24.11 0.00188496 0.00439323 1.93748 2
24.115 0.00188496 0.00446947 1.93923 2
24.12 0.00219911 0.00458869 1.9302 2
24.125 0.00219911 0.00467141 1.93668 2
24.13 0.00219911 0.00475762 1.93863 2
24.135 0.00219911 0.00475944 1.94007 2
24.14 0.00219911 0.00474666 1.9411 2
24.145 0.00219911 0.00472614 1.94187 2
24.15 0.00219911 0.00466174 1.93213 2
24.155 0.00219911 0.0046124 1.93808 2
24.16 0.00219911 0.00455595 1.92937 2
24.165 0.00219911 0.00451286 1.93607 2
24.17 0.00219911 0.00452643 1.93819 2
24.175 0.00251327 0.00457197 1.93975 2
24.18 0.00251327 0.00465297 1.94087 2
24.185 0.00251327 0.00474474 1.9417 2
24.19 0.00282743 0.00489257 1.94229 2
24.195 0.00282743 0.00504595 1.94274 2
24.2 0.00282743 0.00516875 1.94304 2
24.205 0.00282743 0.00529327 1.94329 2
24.21 0.00282743 0.00541726 1.94344 2
24.215 0.00282743 0.00552185 1.94358 2
24.22 0.00282743 0.00561344 1.94366 2
24.225 0.00282743 0.00569136 1.93346 2
24.23 0.00282743 0.00577469 1.93903 2
24.235 0.00282743 0.00583012 1.94037 2
24.24 0.00282743 0.00585345 1.94132 2
24.245 0.00282743 0.00588236 1.94204 2
24.25 0.00282743 0.00589184 1.94254 2
24.255 0.00282743 0.00587429 1.95321 2
24.26 0.00314159 0.00594049 1.94793 2
24.265 0.00314159 0.0059726 1.94685 2
24.27 0.00314159 0.00605321 1.94604 2
24.275 0.00345575 0.00617757 1.94548 2
24.28 0.00345575 0.00631102 1.94504 2
24.285 0.00376991 0.0065056 1.94475 2
24.29 0.00376991 0.00667634 1.94451 2
24.295 0.00376991 0.00685073 1.94436 2
24.3 0.00408407 0.00702718 1.94423 2
24.305 0.00408407 0.00716396 1.94415 2
24.31 0.00408407 0.00727455 1.94407 2
24.315 0.00408407 0.00734427 1.94404 2
24.32 0.00408407 0.00737017 1.95428 2
24.325 0.00408407 0.00736067 1.94872 2
24.33 0.00408407 0.0073677 1.9474 2
24.335 0.00408407 0.0073458 1.94646 2
24.34 0.00408407 0.00731735 1.94576 2
24.345 0.00408407 0.0073004 1.94526 2
24.35 0.00408407 0.0072856 1.94488 2
24.355 0.00439823 0.00732936 1.94463 2
24.36 0.00439823 0.00735726 1.94442 2
24.365 0.00439823 0.00739337 1.94429 2
24.37 0.00471239 0.00748867 1.93389 2
24.375 0.00471239 0.00756724 1.93936 2
24.38 0.00471239 0.00760726 1.94059 2
24.385 0.00471239 0.00767017 1.9415 2
24.39 0.00471239 0.00771204 1.94214 2
24.395 0.00471239 0.00773739 1.94263 2
24.4 0.00471239 0.00774411 1.93268 2
24.405 0.00471239 0.00773647 1.93848 2
24.41 0.00471239 0.0077405 1.93994 2
24.415 0.00471239 0.00772827 1.93074 2
24.42 0.00471239 0.00774135 1.93705 2
24.425 0.00471239 0.00772196 1.93892 2
24.43 0.00471239 0.00775306 1.92998 2
24.435 0.00502655 0.00782994 1.93651 2
24.44 0.00502655 0.00794563 1.93851 2
24.445 0.00502655 0.00805486 1.9297 2
24.45 0.00534071 0.00823998 1.93629 2
24.455 0.00534071 0.00839939 1.93837 2
24.46 0.00565487 0.00860776 1.93986 2
24.465 0.00565487 0.00877879 1.94097 2
24.47 0.00565487 0.00892073 1.94175 2
24.475 0.00596903 0.00906332 1.93206 2
24.48 0.00596903 0.00916373 1.93801 2
24.485 0.00596903 0.00921944 1.93962 2
24.49 0.00596903 0.00923339 1.94077 2
24.495 0.00596903 0.00923689 1.94163 2
24.5 0.00628319 0.00928587 1.94224 2
24.505 0.00628319 0.00935184 1.9427 2
24.51 0.00628319 0.00940669 1.94302 2
24.515 0.00659734 0.00954937 1.94327 2
24.52 0.00659734 0.00968409 1.94343 2
24.525 0.00659734 0.00980257 1.94357 2
24.53 0.0069115 0.00996595 1.94365 2
24.535 0.0069115 0.010105 1.93344 2
24.54 0.0069115 0.0101941 1.93902 2
24.545 0.0069115 0.010215 1.94035 2
24.55 0.0069115 0.0101938 1.94131 2
24.555 0.00659734 0.0100656 1.94202 2
24.56 0.00659734 0.00992811 1.94252 2
24.565 0.00659734 0.00978084 1.94291 2
24.57 0.00659734 0.00963228 1.94317 2
24.575 0.00659734 0.00951952 1.94338 2
24.58 0.00659734 0.00941056 1.94351 2
24.585 0.00659734 0.00934043 1.94363 2
24.59 0.00659734 0.00927824 1.94369 2
24.595 0.0069115 0.00930024 1.94376 2
24.6 0.0069115 0.00929078 1.9335 2
24.605 0.0069115 0.00926085 1.93908 2
24.61 0.0069115 0.00920791 1.94038 2
24.615 0.0069115 0.00910414 1.94135 2
24.62 0.00659734 0.00891603 1.95232 2
24.625 0.00659734 0.00871679 1.9473 2
24.63 0.00628319 0.00844332 1.95665 2
24.635 0.00596903 0.00815295 1.95045 2
24.64 0.00596903 0.00787679 1.94866 2
24.645 0.00565487 0.00760844 1.94738 2
24.65 0.00565487 0.00739796 1.94643 2
24.655 0.00534071 0.00716414 1.94575 2
24.66 0.00534071 0.00700034 1.94524 2
24.665 0.00534071 0.00685428 1.95517 2
24.67 0.00502655 0.00670646 1.94936 2
24.675 0.00502655 0.00655778 1.94788 2
24.68 0.00502655 0.00645577 1.94679 2
24.685 0.00502655 0.00631186 1.94602 2
24.69 0.00502655 0.0062167 1.94543 2
24.695 0.00471239 0.00608531 1.95531 2
24.7 0.00471239 0.00596597 1.94946 2
24.705 0.00471239 0.00587746 1.94796 2
24.71 0.00471239 0.00577641 1.94685 2
24.715 0.00471239 0.0057366 1.94606 2
24.72 0.00471239 0.00568493 1.94546 2
24.725 0.00439823 0.00557756 1.94505 2
24.73 0.00439823 0.0054888 1.95501 2
24.735 0.00439823 0.00535636 1.94926 2
24.74 0.00408407 0.00521937 1.9478 2
24.745 0.00408407 0.0050424 1.94675 2
24.75 0.00408407 0.00492948 1.95625 2
24.755 0.00408407 0.00481128 1.95016 2
24.76 0.00376991 0.00466865 1.94845 2
24.765 0.00376991 0.00456224 1.94723 2
24.77 0.00376991 0.0044517 1.94631 2
24.775 0.00376991 0.0044121 1.94567 2
24.78 0.00376991 0.00435754 1.95547 2
24.785 0.00376991 0.00430612 1.94959 2
24.79 0.00376991 0.00427444 1.94804 2
24.795 0.00376991 0.00420541 1.95721 2
24.8 0.00345575 0.00409847 1.95084 2
24.805 0.00345575 0.00396418 1.94897 2
24.81 0.00345575 0.00387459 1.94758 2
24.815 0.00345575 0.00376312 1.95688 2
24.82 0.00345575 0.00371051 1.9506 2
24.825 0.00345575 0.00366705 1.94879 2
24.83 0.00345575 0.00363909 1.95774 2
24.835 0.00345575 0.00366945 1.95125 2
24.84 0.00345575 0.00366111 1.94924 2
24.845 0.00314159 0.00364997 1.9478 2
24.85 0.00314159 0.00362441 1.94673 2
24.855 0.00314159 0.0035835 1.94597 2
24.86 0.00282743 0.00350134 1.9454 2
24.865 0.00282743 0.00340373 1.945 2
24.87 0.00251327 0.00327528 1.9447 2
24.875 0.00251327 0.00311916 1.94449 2
24.88 0.00251327 0.00302889 1.95461 2
24.885 0.00251327 0.00292276 1.95925 2
24.89 0.00219911 0.00279891 1.95233 2
24.895 0.00219911 0.00272937 1.96034 2
24.9 0.00219911 0.00262085 1.9634 2
24.905 0.00188496 0.00255708 1.95537 2
24.91 0.00188496 0.00246337 1.95225 2
24.915 0.00188496 0.00242347 1.96028 2
24.92 0.00188496 0.00240289 1.95308 2
24.925 0.00188496 0.00240592 1.95059 2
24.93 0.00188496 0.00242624 1.95905 2
24.935 0.00188496 0.00244642 1.96249 2
24.94 0.00188496 0.00250289 1.95469 2
24.945 0.00188496 0.0025323 1.96205 2
24.95 0.00188496 0.00259449 1.96466 2
24.955 0.0015708 0.00255692 1.97686 2
24.96 0.0015708 0.00252458 1.98298 2
24.965 0.00125664 0.00243427 1.97717 2
24.97 0.00125664 0.00232192 1.97567 2
24.975 0.00125664 0.00224844 1.97459 2
24.98 0.000942478 0.00208675 1.9635 2
24.985 0.000942478 0.00196443 1.96848 2
24.99 0.000942478 0.00186105 1.96934 2
24.995 0.000628319 0.00171964 1.96998 2
25 0.000628319 0.00162777 1.98072 2
25.005 0.000628319 0.00155988 1.97552 2
25.01 0.000628319 0.00152043 1.97447 2
25.015 0.000628319 0.00147014 1.984 2
25.02 0.000314159 0.00137654 1.9779 2
25.025 0.000314159 0.00129651 1.97622 2
25.03 0.000314159 0.00117351 1.97497 2
25.035 0 0.00103017 1.98437 2
25.04 -0.000314159 0.000800621 1.98846 2
25.045 -0.000314159 0.000621045 1.98116 2
25.05 -0.000628319 0.000399293 1.97858 2
25.055 -0.000942478 0.000182146 1.97671 2
25.06 -0.000942478 2.64163e-05 1.97533 2
25.065 -0.00125664 -0.000143805 1.97435 2
25.07 -0.00125664 -0.000226067 1.97361 2
25.075 -0.0015708 -0.00034755 1.98338 2
25.08 -0.0015708 -0.000400131 1.97745 2
25.085 -0.0015708 -0.000446985 1.97589 2
25.09 -0.00188496 -0.000551799 1.97473 2
25.095 -0.00188496 -0.000629747 1.97391 2
25.1 -0.00188496 -0.000707992 1.98358 2
25.105 -0.00219911 -0.000844165 1.97761 2
25.11 -0.00219911 -0.000974575 1.97599 2
25.115 -0.00219911 -0.00106407 1.98511 2
25.12 -0.00219911 -0.00115888 1.98899 2
25.125 -0.00219911 -0.00122884 1.99184 2
25.13 -0.00251327 -0.00133038 1.9836 2
25.135 -0.00251327 -0.00145736 1.98038 2
25.14 -0.00251327 -0.00151089 1.98829 2
25.145 -0.00251327 -0.00161493 1.99133 2
25.15 -0.00282743 -0.00175281 1.99352 2
25.155 -0.00282743 -0.0018988 1.99514 2
25.16 -0.00282743 -0.00203625 1.9963 2
25.165 -0.00314159 -0.00219372 1.99716 2
25.17 -0.00314159 -0.00234277 1.99777 2
25.175 -0.00345575 -0.00250625 2.00852 2
25.18 -0.00345575 -0.00265362 2.0033 2
25.185 -0.00376991 -0.00280657 2.00226 2
25.19 -0.00376991 -0.00292695 1.9912 2
25.195 -0.00408407 -0.00306927 1.98591 2
25.2 -0.00408407 -0.00319796 1.99232 2
25.205 -0.00439823 -0.00337246 1.99426 2
25.21 -0.00439823 -0.00349962 1.99566 2
25.215 -0.00471239 -0.00367544 1.9967 2
25.22 -0.00471239 -0.00383182 1.99743 2
25.225 -0.00471239 -0.00393978 2.00828 2
25.23 -0.00471239 -0.00403275 2.00312 2
25.235 -0.00471239 -0.00407292 2.00213 2
25.24 -0.00471239 -0.00408651 2.00139 2
25.245 -0.00471239 -0.00407773 1.99059 2
25.25 -0.00471239 -0.00404095 1.99573 2
25.255 -0.00471239 -0.00401737 1.99675 2
25.26 -0.00471239 -0.00397683 1.99747 2
25.265 -0.00471239 -0.00393924 1.98773 2
25.27 -0.00471239 -0.00389755 1.98336 2
25.275 -0.00502655 -0.00395966 1.99048 2
25.28 -0.00502655 -0.00400747 1.9929 2
25.285 -0.00534071 -0.00411623 1.99469 2
25.29 -0.00534071 -0.00422475 1.99597 2
25.295 -0.00565487 -0.00435632 1.99692 2
25.3 -0.00565487 -0.00448209 1.9976 2
25.305 -0.00565487 -0.00455871 1.99811 2
25.31 -0.00565487 -0.00461426 1.99846 2
25.315 -0.00565487 -0.00463365 1.98845 2
25.32 -0.00565487 -0.00461834 1.98388 2
25.325 -0.00565487 -0.00458502 1.99086 2
25.33 -0.00565487 -0.00453278 1.99318 2
25.335 -0.00565487 -0.00446135 1.99489 2
25.34 -0.00565487 -0.00438736 1.99612 2
25.345 -0.00565487 -0.0043207 1.99703 2
25.35 -0.00565487 -0.0042551 1.99768 2
25.355 -0.00565487 -0.0042042 1.99816 2
25.36 -0.00565487 -0.00416914 2.00879 2
25.365 -0.00596903 -0.00420588 2.0138 2
25.37 -0.00596903 -0.00424489 2.01743 2
25.375 -0.00596903 -0.00426581 2.0201 2
25.38 -0.00596903 -0.00429751 2.03231 2
25.385 -0.00596903 -0.00432763 2.02819 2
25.39 -0.00596903 -0.00435121 2.02791 2
25.395 -0.00596903 -0.00434809 2.02773 2
25.4 -0.00596903 -0.00434689 2.02758 2
25.405 -0.00596903 -0.00433385 2.02749 2
25.41 -0.00596903 -0.00433759 2.02741 2
25.415 -0.00596903 -0.00435653 2.02736 2
25.42 -0.00596903 -0.00438758 2.02731 2
25.425 -0.00596903 -0.00443334 2.02729 2
25.43 -0.00596903 -0.0045145 2.02726 2
25.435 -0.00596903 -0.00462441 2.03754 2
25.44 -0.00628319 -0.00481146 2.04227 2
25.445 -0.00628319 -0.00500656 2.03544 2
25.45 -0.00628319 -0.00516945 2.0332 2
25.455 -0.00628319 -0.00532499 2.03158 2
25.46 -0.00628319 -0.00542528 2.03039 2
25.465 -0.00628319 -0.00551376 2.02953 2
25.47 -0.00628319 -0.00553649 2.02889 2
25.475 -0.00628319 -0.00554135 2.01816 2
25.48 -0.00628319 -0.00551056 2.02335 2
25.485 -0.00659734 -0.00550255 2.02441 2
25.49 -0.00659734 -0.00550815 2.02516 2
25.495 -0.00659734 -0.00550157 2.02573 2
25.5 -0.0069115 -0.00556915 2.02612 2
25.505 -0.0069115 -0.00562523 2.02643 2
25.51 -0.00722566 -0.00576369 2.02663 2
25.515 -0.00753982 -0.00593476 2.0268 2
25.52 -0.00753982 -0.00610674 2.0269 2
25.525 -0.00785398 -0.00630583 2.02699 2
25.53 -0.00785398 -0.00645865 2.02704 2
25.535 -0.00785398 -0.00658755 2.01681 2
25.54 -0.00785398 -0.00666992 2.02237 2
25.545 -0.00785398 -0.00673907 2.0237 2
25.55 -0.00785398 -0.00678057 2.02464 2
25.555 -0.00753982 -0.00674228 2.02535 2
25.56 -0.00753982 -0.00672463 2.02584 2
25.565 -0.00753982 -0.00669196 2.02623 2
25.57 -0.00753982 -0.0066747 2.02648 2
25.575 -0.00753982 -0.00665342 2.02669 2
25.58 -0.00753982 -0.00663787 2.02682 2
25.585 -0.00753982 -0.00661449 2.02694 2
25.59 -0.00753982 -0.00658744 2.027 2
25.595 -0.00753982 -0.00654415 2.01678 2
25.6 -0.00753982 -0.00649785 2.02235 2
25.605 -0.00785398 -0.00650885 2.02368 2
25.61 -0.00785398 -0.00652141 2.02463 2
25.615 -0.00785398 -0.00652652 2.02534 2
25.62 -0.00785398 -0.00653609 2.02584 2
25.625 -0.00785398 -0.00654501 2.02622 2
25.63 -0.00785398 -0.0066044 2.02648 2
25.635 -0.00816814 -0.00668329 2.02669 2
25.64 -0.00816814 -0.00678725 2.02682 2
25.645 -0.00816814 -0.00689274 2.02694 2
25.65 -0.00816814 -0.0069882 2.027 2
25.655 -0.00816814 -0.00707278 2.01678 2
25.66 -0.00816814 -0.00715147 2.01206 2
25.665 -0.00816814 -0.00724435 2.01893 2
25.67 -0.00816814 -0.00730549 2.02117 2
25.675 -0.00816814 -0.00738404 2.02282 2
25.68 -0.0084823 -0.00751491 2.024 2
25.685 -0.0084823 -0.00762973 2.02489 2
25.69 -0.0084823 -0.00775154 2.03579 2
25.695 -0.0084823 -0.007855 2.03073 2
25.7 -0.0084823 -0.00796843 2.02976 2
25.705 -0.00879646 -0.00811983 2.02908 2
25.71 -0.00879646 -0.00825279 2.02856 2
25.715 -0.00879646 -0.00836587 2.02821 2
25.72 -0.00911062 -0.00851957 2.02793 2
25.725 -0.00942478 -0.00871227 2.02774 2
25.73 -0.00942478 -0.00884604 2.02759 2
25.735 -0.00973894 -0.00904277 2.0275 2
25.74 -0.00973894 -0.00918833 2.02741 2
25.745 -0.0100531 -0.00938817 2.02737 2
25.75 -0.0100531 -0.00955698 2.0376 2
25.755 -0.0103673 -0.00977363 2.04233 2
25.76 -0.0103673 -0.00995075 2.03547 2
25.765 -0.0106814 -0.0101736 2.03324 2
25.77 -0.0106814 -0.0103682 2.03159 2
25.775 -0.0109956 -0.010593 2.03041 2
25.78 -0.0109956 -0.0107511 2.02953 2
25.785 -0.0109956 -0.010873 2.02891 2
25.79 -0.0109956 -0.0109489 2.03873 2
25.795 -0.0109956 -0.0109978 2.03286 2
25.8 -0.0109956 -0.0110071 2.03132 2
25.805 -0.0109956 -0.0109999 2.03021 2
25.81 -0.0113097 -0.0110297 2.02939 2
25.815 -0.0113097 -0.011076 2.02881 2
25.82 -0.0113097 -0.0111102 2.03865 2
25.825 -0.0116239 -0.0112395 2.0431 2
25.83 -0.0119381 -0.0114117 2.04631 2
25.835 -0.0119381 -0.0115992 2.04868 2
25.84 -0.0122522 -0.0118266 2.04009 2
25.845 -0.0122522 -0.0120349 2.03661 2
25.85 -0.0125664 -0.0122611 2.03404 2
25.855 -0.0125664 -0.0124342 2.04249 2
25.86 -0.0128805 -0.0125921 2.04587 2
25.865 -0.0125664 -0.0126386 2.04835 2
25.87 -0.0125664 -0.0126346 2.03986 2
25.875 -0.0125664 -0.0125847 2.03643 2
25.88 -0.0125664 -0.0125427 2.03392 2
25.885 -0.0125664 -0.0124879 2.03211 2
25.89 -0.0125664 -0.0124636 2.04105 2
25.895 -0.0128805 -0.0125446 2.03456 2
25.9 -0.0128805 -0.0126447 2.03256 2
25.905 -0.0131947 -0.0128132 2.03111 2
25.91 -0.0131947 -0.0129882 2.01976 2
25.915 -0.0135088 -0.0131936 2.01425 2
25.92 -0.0135088 -0.0133688 2.01022 2
25.925 -0.0135088 -0.0134795 2.0073 2
25.93 -0.0135088 -0.013515 2.00516 2
25.935 -0.013823 -0.0135572 2.0139 2
25.94 -0.013823 -0.0135383 2.01751 2
25.945 -0.013823 -0.0134662 2.02015 2
25.95 -0.013823 -0.013379 2.01177 2
25.955 -0.013823 -0.0132729 2.00843 2
25.96 -0.013823 -0.0131967 2.00598 2
25.965 -0.013823 -0.0131359 2.00422 2
25.97 -0.013823 -0.0130932 2.00291 2
25.975 -0.0141372 -0.013113 2.00198 2
25.98 -0.0141372 -0.0131666 2.00128 2
25.985 -0.0141372 -0.0132103 2.00079 2
25.99 -0.0141372 -0.0132372 2.0107 2
25.995 -0.0141372 -0.0132451 2.01519 2
26 -0.0141372 -0.0132085 2.00816 2
26.005 -0.0141372 -0.013178 2.01609 2
26.01 -0.0141372 -0.0131323 2.0191 2
26.015 -0.0141372 -0.0130817 2.01103 2
26.02 -0.0141372 -0.0130319 2.00787 2
26.025 -0.0141372 -0.0129825 2.00559 2
26.03 -0.0141372 -0.0129726 2.00391 2
26.035 -0.0144513 -0.0130312 2.00271 2
26.04 -0.0144513 -0.0131106 2.00181 2
26.045 -0.0144513 -0.0131889 2.01146 2
26.05 -0.0147655 -0.0133351 2.01573 2
26.055 -0.0147655 -0.0134649 2.00857 2
26.06 -0.0147655 -0.0135832 2.01636 2
26.065 -0.0150796 -0.0137655 2.01931 2
26.07 -0.0150796 -0.0138923 2.01116 2
26.075 -0.0150796 -0.0139957 2.00798 2
26.08 -0.0150796 -0.0140778 2.00565 2
26.085 -0.0150796 -0.0141133 2.00397 2
26.09 -0.0150796 -0.0141099 2.00273 2
26.095 -0.0150796 -0.0140851 2.01213 2
26.1 -0.0150796 -0.0140175 2.00592 2
26.105 -0.0150796 -0.0139285 2.00417 2
26.11 -0.0150796 -0.0138252 2.01316 2
26.115 -0.0150796 -0.0137045 2.00669 2
26.12 -0.0150796 -0.0135852 2.00471 2
26.125 -0.0150796 -0.0135111 2.00328 2
26.13 -0.0153938 -0.0134777 2.00223 2
26.135 -0.0153938 -0.013477 2.00148 2
26.14 -0.0153938 -0.0134982 2.00091 2
26.145 -0.0153938 -0.013506 1.99023 2
26.15 -0.0153938 -0.0135378 1.99547 2
26.155 -0.0153938 -0.0135459 1.99656 2
26.16 -0.0153938 -0.01351 1.99733 2
26.165 -0.0150796 -0.0134124 2.0082 2
26.17 -0.0150796 -0.0132848 2.00307 2
26.175 -0.0147655 -0.0130881 2.00209 2
26.18 -0.0144513 -0.0128445 2.00136 2
26.185 -0.0144513 -0.0126041 2.00085 2
26.19 -0.0141372 -0.0123561 1.99017 2
26.195 -0.0141372 -0.0121771 1.99545 2
26.2 -0.0141372 -0.0120589 1.99652 2
26.205 -0.0141372 -0.0120344 1.99732 2
26.21 -0.0141372 -0.0120571 2.00817 2
26.215 -0.0144513 -0.012188 2.01335 2
26.22 -0.0144513 -0.012334 2.00682 2
26.225 -0.0147655 -0.0125593 2.00483 2
26.23 -0.0147655 -0.0127539 2.00335 2
26.235 -0.0147655 -0.0128875 2.0023 2
26.24 -0.0147655 -0.0129856 2.0118 2
26.245 -0.0147655 -0.0130031 2.00571 2
26.25 -0.0147655 -0.0129675 2.004 2
26.255 -0.0144513 -0.0128383 2.00277 2
26.26 -0.0144513 -0.012668 2.00186 2
26.265 -0.0141372 -0.0124341 2.00121 2
26.27 -0.013823 -0.012166 2.00072 2
26.275 -0.013823 -0.0119249 2.00038 2
26.28 -0.0135088 -0.0116851 2.00012 2
26.285 -0.0135088 -0.0114803 1.99994 2
26.29 -0.0131947 -0.0112709 1.9998 2
26.295 -0.0131947 -0.0111315 1.99971 2
26.3 -0.0131947 -0.0110155 1.98934 2
26.305 -0.0131947 -0.0109299 1.98455 2
26.31 -0.0131947 -0.0108435 1.98105 2
26.315 -0.0128805 -0.010695 1.9888 2
26.32 -0.0128805 -0.0105457 1.99168 2
26.325 -0.0128805 -0.010396 1.9938 2
26.33 -0.0125664 -0.01015 1.98503 2
26.335 -0.0125664 -0.00991006 1.98141 2
26.34 -0.0122522 -0.00962313 1.98905 2
26.345 -0.0119381 -0.00928976 1.98159 2
26.35 -0.0116239 -0.00893256 1.97889 2
26.355 -0.0116239 -0.00863342 1.97694 2
26.36 -0.0113097 -0.00834317 1.98579 2
26.365 -0.0113097 -0.00810712 1.97922 2
26.37 -0.0109956 -0.00787209 1.97716 2
26.375 -0.0109956 -0.00771946 1.97568 2
26.38 -0.0106814 -0.00753494 1.98487 2
26.385 -0.0106814 -0.00741569 1.98883 2
26.39 -0.0106814 -0.00729119 1.98142 2
26.395 -0.0103673 -0.00714782 1.98907 2
26.4 -0.0103673 -0.00701249 1.99187 2
26.405 -0.0100531 -0.00682565 1.99394 2
26.41 -0.0100531 -0.00663911 1.98514 2
26.415 -0.00973894 -0.00638678 1.98149 2
26.42 -0.00942478 -0.00612081 1.97882 2
26.425 -0.00942478 -0.00587106 1.98717 2
26.43 -0.00911062 -0.00562123 1.98021 2
26.435 -0.00911062 -0.00538885 1.9779 2
26.44 -0.00879646 -0.00514179 1.98649 2
26.445 -0.00879646 -0.00496155 1.99001 2
26.45 -0.0084823 -0.00478911 1.98228 2
26.455 -0.0084823 -0.00465259 1.97941 2
26.46 -0.0084823 -0.00456762 1.98758 2
26.465 -0.00816814 -0.00446434 1.98053 2
26.47 -0.00816814 -0.00438526 1.97811 2
26.475 -0.00785398 -0.00427717 1.97637 2
26.48 -0.00753982 -0.00413388 1.97509 2
26.485 -0.00722566 -0.0039417 1.98446 2
26.49 -0.0069115 -0.00371654 1.97823 2
26.495 -0.00659734 -0.00345758 1.97646 2
26.5 -0.00628319 -0.00315751 1.97515 2
26.505 -0.00596903 -0.00282162 1.97421 2
26.51 -0.00565487 -0.00246981 1.97351 2
26.515 -0.00565487 -0.00216469 1.97302 2
26.52 -0.00534071 -0.00185129 1.97265 2
26.525 -0.00534071 -0.00159694 1.9724 2
26.53 -0.00534071 -0.00137379 1.97219 2
26.535 -0.00534071 -0.00125208 1.97207 2
26.54 -0.00534071 -0.00116596 1.96167 2
26.545 -0.00534071 -0.0011387 1.96714 2
26.55 -0.00534071 -0.00112799 1.96837 2
26.555 -0.00534071 -0.00112465 1.96928 2
26.56 -0.00534071 -0.00112731 1.98021 2
26.565 -0.00534071 -0.00111278 1.98545 2
26.57 -0.00502655 -0.00101266 1.97895 2
26.575 -0.00471239 -0.000843425 1.97699 2
26.58 -0.00408407 -0.000519925 1.97554 2
26.585 -0.00376991 -0.000162474 1.9745 2
26.59 -0.00314159 0.000290118 1.97373 2
26.595 -0.00282743 0.000694602 1.97319 2
26.6 -0.00219911 0.00115714 1.98305 2
26.605 -0.00188496 0.00155159 1.98752 2
26.61 -0.0015708 0.00192436 1.98046 2
26.615 -0.00125664 0.00222584 1.97809 2
26.62 -0.00125664 0.00243096 1.98662 2
26.625 -0.000942478 0.00262181 1.97983 2
26.63 -0.000942478 0.00277023 1.9776 2
26.635 -0.000942478 0.00286789 1.98629 2
26.64 -0.000628319 0.00302361 1.98985 2
26.645 -0.000628319 0.00316832 1.99246 2
26.65 -0.000628319 0.00330455 1.98406 2
26.655 -0.000628319 0.00341305 1.98071 2
26.66 -0.000628319 0.00350879 1.97825 2
26.665 -0.000628319 0.00355501 1.97647 2
26.67 -0.000628319 0.00358809 1.97516 2
26.675 -0.000314159 0.00361623 1.97422 2
26.68 -0.000314159 0.0036034 1.98381 2
26.685 -0.000314159 0.00356726 1.97777 2
26.69 0 0.00353878 1.97611 2
26.695 0 0.00352112 1.97491 2
26.7 0.000314159 0.00354651 1.97402 2
26.705 0.000628319 0.00363146 1.97339 2
26.71 0.000942478 0.00376125 1.97292 2
26.715 0.00125664 0.00393489 1.97259 2
26.72 0.00125664 0.00409933 1.98262 2
26.725 0.0015708 0.00427425 1.97691 2
26.73 0.0015708 0.004437 1.97548 2
26.735 0.00188496 0.00462285 1.97445 2
26.74 0.00188496 0.0047451 1.97369 2
26.745 0.00188496 0.0048441 1.97315 2
26.75 0.0015708 0.00486835 1.97274 2
26.755 0.0015708 0.00486945 1.97246 2
26.76 0.0015708 0.00485454 1.98252 2
26.765 0.0015708 0.00482797 1.97684 2
26.77 0.00125664 0.00476451 1.97543 2
26.775 0.00125664 0.00468687 1.96413 2
26.78 0.00125664 0.00464361 1.96891 2
26.785 0.00125664 0.00459437 1.96967 2
26.79 0.00125664 0.00455824 1.97021 2
26.795 0.00125664 0.00452702 1.97061 2
26.8 0.0015708 0.00456068 1.98118 2
26.805 0.0015708 0.0045836 1.97586 2
26.81 0.00188496 0.00465974 1.97471 2
26.815 0.00188496 0.0047113 1.9739 2
26.82 0.00219911 0.00479964 1.97328 2
26.825 0.00219911 0.00485968 1.97286 2
26.83 0.00219911 0.0049027 1.97252 2
26.835 0.00219911 0.00490764 1.9723 2
26.84 0.00219911 0.00490798 1.97212 2
26.845 0.00219911 0.00490176 1.97201 2
26.85 0.00219911 0.0048808 1.97191 2
26.855 0.00219911 0.00487216 1.97185 2
26.86 0.00219911 0.00487014 1.97179 2
26.865 0.00219911 0.00488963 1.97177 2
26.87 0.00219911 0.004929 1.98202 2
26.875 0.00219911 0.00497577 1.98676 2
26.88 0.00219911 0.00505365 1.99019 2
26.885 0.00219911 0.00510959 1.98243 2
26.89 0.00251327 0.00524812 1.9795 2
26.895 0.00251327 0.00533155 1.97738 2
26.9 0.00251327 0.00543267 1.97582 2
26.905 0.00282743 0.00553986 1.97471 2
26.91 0.00282743 0.00561675 1.97387 2
26.915 0.00282743 0.00565242 1.98357 2
26.92 0.00282743 0.00567169 1.98787 2
26.925 0.00282743 0.00566484 1.98074 2
26.93 0.00314159 0.00569283 1.97827 2
26.935 0.00314159 0.00572866 1.98677 2
26.94 0.00314159 0.00573095 1.97992 2
26.945 0.00314159 0.00575918 1.97769 2
26.95 0.00314159 0.00576331 1.97604 2
26.955 0.00314159 0.00578262 1.98515 2
26.96 0.00345575 0.0058648 1.98902 2
26.965 0.00345575 0.00593642 1.98158 2
26.97 0.00345575 0.0060191 1.97888 2
26.975 0.00345575 0.0060678 1.97693 2
26.98 0.00345575 0.00612161 1.97549 2
26.985 0.00345575 0.00615846 1.97446 2
26.99 0.00345575 0.00618595 1.9737 2
26.995 0.00345575 0.00623781 1.98344 2
27 0.00345575 0.00625954 1.97749 2
27.005 0.00345575 0.006277 1.97592 2
27.01 0.00345575 0.0063148 1.97476 2
27.015 0.00345575 0.00633485 1.97393 2
27.02 0.00345575 0.00637261 1.97331 2
27.025 0.00345575 0.00640173 1.97287 2
27.03 0.00345575 0.00645878 1.97254 2
27.035 0.00345575 0.00650468 1.9826 2
27.04 0.00345575 0.00656676 1.98716 2
27.045 0.00376991 0.00671559 1.98022 2
27.05 0.00376991 0.00685182 1.97789 2
27.055 0.00376991 0.00700889 1.96592 2
27.06 0.00376991 0.00712832 1.97022 2
27.065 0.00376991 0.00726976 1.97063 2
27.07 0.00376991 0.00736591 1.9709 2
27.075 0.00408407 0.00751285 1.98141 2
27.08 0.00408407 0.00761705 1.98629 2
27.085 0.00408407 0.00767902 1.97959 2
27.09 0.00408407 0.00771593 1.97743 2
27.095 0.00408407 0.00770724 1.98616 2
27.1 0.00408407 0.007712 1.97947 2
27.105 0.00439823 0.0077664 1.97736 2
27.11 0.00439823 0.00781391 1.97581 2
27.115 0.00439823 0.00783733 1.98498 2
27.12 0.00439823 0.00789471 1.97861 2
27.125 0.00439823 0.00794075 1.97674 2
27.13 0.00471239 0.00804052 1.97535 2
27.135 0.00471239 0.00812669 1.96408 2
27.14 0.00471239 0.00819112 1.96888 2
27.145 0.00471239 0.00823098 1.96964 2
27.15 0.00471239 0.00825464 1.98047 2
27.155 0.00439823 0.00820793 1.97535 2
27.16 0.00439823 0.00816925 1.97434 2
27.165 0.00439823 0.00816081 1.97362 2
27.17 0.00439823 0.00815042 1.9628 2
27.175 0.00439823 0.00816968 1.95768 2
27.18 0.00471239 0.00829988 1.96421 2
27.185 0.00471239 0.00842574 1.96625 2
27.19 0.00471239 0.00856114 1.96771 2
27.195 0.00502655 0.00873505 1.9688 2
27.2 0.00502655 0.00889847 1.96957 2
27.205 0.00534071 0.00908996 1.97015 2
27.21 0.00534071 0.00922043 1.96027 2
27.215 0.00565487 0.00939091 1.96612 2
27.22 0.00565487 0.00951005 1.96762 2
27.225 0.00596903 0.00965376 1.96873 2
27.23 0.00596903 0.0097784 1.96952 2
27.235 0.00596903 0.00985135 1.97011 2
27.24 0.00628319 0.00999792 1.97053 2
27.245 0.00659734 0.0101541 1.96056 2
27.25 0.00659734 0.0102582 1.96631 2
27.255 0.00659734 0.0103712 1.96778 2
27.26 0.00659734 0.0104108 1.96883 2
27.265 0.00659734 0.0104638 1.97989 2
27.27 0.0069115 0.0105194 1.98519 2
27.275 0.0069115 0.0105809 1.97878 2
27.28 0.0069115 0.0106341 1.97684 2
27.285 0.0069115 0.0106847 1.96516 2
27.29 0.0069115 0.0107398 1.96967 2
27.295 0.00722566 0.0108695 1.97022 2
27.3 0.00722566 0.0110076 1.97061 2
27.305 0.00722566 0.0111308 1.9709 2
27.31 0.00722566 0.0112306 1.9711 2
27.315 0.00722566 0.0112987 1.97127 2
27.32 0.00753982 0.0114221 1.96108 2
27.325 0.00753982 0.0115129 1.96671 2
27.33 0.00753982 0.0115632 1.96805 2
27.335 0.00753982 0.0116065 1.96904 2
27.34 0.00785398 0.0117148 1.98003 2
27.345 0.00785398 0.0118107 1.97503 2
27.35 0.00816814 0.0119774 1.97411 2
27.355 0.00816814 0.0121497 1.97345 2
27.36 0.0084823 0.0123717 1.96267 2
27.365 0.0084823 0.0125699 1.95759 2
27.37 0.00879646 0.0128071 1.96415 2
27.375 0.00911062 0.0130551 1.9662 2
27.38 0.00911062 0.0132608 1.96768 2
27.385 0.00942478 0.0134509 1.96877 2
27.39 0.00942478 0.0135704 1.96955 2
27.395 0.00973894 0.0137232 1.95985 2
27.4 0.00973894 0.0138323 1.9658 2
27.405 0.00973894 0.0139078 1.9674 2
27.41 0.0100531 0.0140451 1.96855 2
27.415 0.0100531 0.0141607 1.96941 2
27.42 0.0103673 0.0143418 1.97001 2
27.425 0.0106814 0.0145741 1.97047 2
27.43 0.0106814 0.0148063 1.9605 2
27.435 0.0109956 0.0150873 1.956 2
27.44 0.0109956 0.0153141 1.963 2
27.445 0.0113097 0.0155663 1.95507 2
27.45 0.0113097 0.0157653 1.95203 2
27.455 0.0113097 0.0159356 1.96012 2
27.46 0.0113097 0.0160358 1.95296 2
27.465 0.0116239 0.016171 1.95051 2
27.47 0.0116239 0.016246 1.94871 2
27.475 0.0116239 0.0162985 1.9577 2
27.48 0.0116239 0.0163379 1.9512 2
27.485 0.0119381 0.0164313 1.94923 2
27.49 0.0119381 0.0164994 1.95806 2
27.495 0.0122522 0.0166217 1.95148 2
27.5 0.0122522 0.0167534 1.94941 2
27.505 0.0125664 0.0169207 1.94792 2
27.51 0.0128805 0.017109 1.95711 2
27.515 0.0131947 0.0173375 1.95079 2
27.52 0.0131947 0.0175459 1.94891 2
27.525 0.0135088 0.0177525 1.94756 2
27.53 0.0135088 0.0178998 1.94656 2
27.535 0.013823 0.0180387 1.94584 2
27.54 0.013823 0.0181364 1.9556 2
27.545 0.013823 0.0181775 1.95997 2
27.55 0.013823 0.0181461 1.95285 2
27.555 0.013823 0.0180669 1.96072 2
27.56 0.013823 0.0179506 1.9534 2
27.565 0.013823 0.017849 1.95083 2
27.57 0.013823 0.017723 1.94894 2
27.575 0.013823 0.0176144 1.95787 2
27.58 0.013823 0.0175563 1.95132 2
27.585 0.0141372 0.0176073 1.94931 2
27.59 0.0141372 0.017663 1.95812 2
27.595 0.0141372 0.0177655 1.96181 2
27.6 0.0144513 0.0179525 1.95419 2
27.605 0.0144513 0.0181235 1.95141 2
27.61 0.0144513 0.0182621 1.95965 2
27.615 0.0144513 0.0183405 1.95263 2
27.62 0.0144513 0.0184075 1.96054 2
27.625 0.0144513 0.018408 1.96357 2
27.63 0.0141372 0.0183128 1.95548 2
27.635 0.0141372 0.0181981 1.95234 2
27.64 0.0141372 0.018101 1.95004 2
27.645 0.0141372 0.018011 1.95867 2
27.65 0.0144513 0.0180234 1.96219 2
27.655 0.0144513 0.0180635 1.96477 2
27.66 0.0147655 0.0181843 1.96664 2
27.665 0.0147655 0.018303 1.96801 2
27.67 0.0150796 0.0184817 1.95871 2
27.675 0.0150796 0.0186066 1.96499 2
27.68 0.0153938 0.0187577 1.96679 2
27.685 0.0153938 0.0188411 1.96813 2
27.69 0.0153938 0.0188525 1.95879 2
27.695 0.0153938 0.0188145 1.96505 2
27.7 0.0150796 0.0186851 1.96684 2
27.705 0.0150796 0.018527 1.95787 2
27.71 0.0150796 0.0183893 1.96436 2
27.715 0.0150796 0.0182762 1.96635 2
27.72 0.0150796 0.018198 1.96779 2
27.725 0.0150796 0.0181513 1.96885 2
27.73 0.0150796 0.0181642 1.96961 2
27.735 0.0150796 0.018198 1.97018 2
27.74 0.0150796 0.0182644 1.96029 2
27.745 0.0153938 0.0183754 1.95585 2
27.75 0.0153938 0.0184834 1.96288 2
27.755 0.0153938 0.018582 1.96528 2
27.76 0.015708 0.0186863 1.967 2
27.765 0.015708 0.0187526 1.96828 2
27.77 0.015708 0.0187723 1.96919 2
27.775 0.015708 0.0187526 1.96988 2
27.78 0.0153938 0.0186523 1.96007 2
27.785 0.0153938 0.0185474 1.96597 2
27.79 0.0153938 0.0184067 1.96751 2
27.795 0.0153938 0.0182784 1.95836 2
27.8 0.0150796 0.0181077 1.96471 2
27.805 0.0150796 0.0179418 1.96661 2
27.81 0.0150796 0.0178139 1.96798 2
27.815 0.0150796 0.0176813 1.9587 2
27.82 0.0150796 0.0175878 1.96496 2
27.825 0.0150796 0.0174877 1.96679 2
27.83 0.0150796 0.0174028 1.96811 2
27.835 0.0150796 0.0173409 1.96909 2
27.84 0.0147655 0.0171931 1.96978 2
27.845 0.0147655 0.0170636 1.9703 2
27.85 0.0147655 0.016903 1.96038 2
27.855 0.0144513 0.0167157 1.95591 2
27.86 0.0144513 0.0165219 1.96293 2
27.865 0.0144513 0.0163182 1.96531 2
27.87 0.0141372 0.0160938 1.95674 2
27.875 0.0141372 0.0158486 1.96355 2
27.88 0.013823 0.0155932 1.96575 2
27.885 0.013823 0.0153736 1.96737 2
27.89 0.0135088 0.0151183 1.96853 2
27.895 0.0135088 0.0148922 1.96939 2
27.9 0.0131947 0.0146611 1.97 2
27.905 0.0131947 0.0145029 1.96018 2
27.91 0.0131947 0.0143728 1.96603 2
27.915 0.0131947 0.0142552 1.96757 2
27.92 0.0131947 0.0141781 1.95839 2
27.925 0.0128805 0.0140602 1.95447 2
27.93 0.0128805 0.0139612 1.96187 2
27.935 0.0128805 0.0138514 1.96454 2
27.94 0.0128805 0.0137724 1.95618 2
27.945 0.0125664 0.0135841 1.96314 2
27.95 0.0122522 0.0133763 1.96545 2
27.955 0.0122522 0.0131794 1.95686 2
27.96 0.0119381 0.0129322 1.95333 2
27.965 0.0116239 0.0126873 1.96107 2
27.97 0.0116239 0.0124761 1.96394 2
27.975 0.0113097 0.0122628 1.95576 2
27.98 0.0113097 0.0120728 1.95253 2
27.985 0.0109956 0.0119158 1.96048 2
27.99 0.0106814 0.0117316 1.95323 2
27.995 0.0106814 0.0115801 1.9507 2
28 0.0106814 0.0114753 1.95914 2
28.005 0.0103673 0.0112852 1.96255 2
28.01 0.0100531 0.0111125 1.95473 2
28.015 0.0100531 0.0108973 1.96209 2
28.02 0.00973894 0.0106454 1.96468 2
28.025 0.00942478 0.0103621 1.9563 2
28.03 0.00911062 0.0100397 1.95292 2
28.035 0.00911062 0.00976991 1.96077 2
28.04 0.00879646 0.00947766 1.96372 2
28.045 0.00879646 0.00924035 1.96589 2
28.05 0.0084823 0.00901753 1.96745 2
28.055 0.0084823 0.00883153 1.96861 2
28.06 0.00816814 0.00866267 1.96943 2
28.065 0.00816814 0.00852367 1.95976 2
28.07 0.00785398 0.00836577 1.96573 2
28.075 0.00785398 0.00824314 1.96735 2
28.08 0.00753982 0.00808966 1.96852 2
28.085 0.00722566 0.00785092 1.96938 2
28.09 0.0069115 0.00761082 1.96999 2
28.095 0.00659734 0.0073209 1.97046 2
28.1 0.00628319 0.00701203 1.96049 2
28.105 0.00596903 0.00669769 1.96628 2
28.11 0.00534071 0.00630833 1.96774 2
28.115 0.00502655 0.00595654 1.96882 2
28.12 0.00471239 0.00560082 1.97987 2
28.125 0.00439823 0.00530953 1.97491 2
28.13 0.00439823 0.00509199 1.97402 2
28.135 0.00408407 0.00488257 1.97339 2
28.14 0.00376991 0.00467997 1.96263 2
28.145 0.00376991 0.00451674 1.96784 2
28.15 0.00345575 0.00434822 1.96887 2
28.155 0.00345575 0.00419143 1.96964 2
28.16 0.00345575 0.0040605 1.97018 2
28.165 0.00314159 0.00385697 1.9706 2
28.17 0.00282743 0.00362441 1.97088 2
28.175 0.00282743 0.00342166 1.96082 2
28.18 0.00251327 0.00318124 1.9665 2
28.185 0.00251327 0.00297767 1.96792 2
28.19 0.00219911 0.00276075 1.96893 2
28.195 0.00219911 0.00258754 1.96968 2
28.2 0.00188496 0.00241232 1.97021 2
28.205 0.0015708 0.00221527 1.97062 2
28.21 0.0015708 0.00207746 1.96061 2
28.215 0.00125664 0.00187481 1.95608 2
28.22 0.000942478 0.0016801 1.96305 2
28.225 0.000942478 0.00152191 1.9654 2
28.23 0.000628319 0.00134875 1.95681 2
28.235 0.000628319 0.00119467 1.9636 2
28.24 0.000314159 0.00103452 1.96578 2
28.245 0 0.000865354 1.9571 2
28.25 0 0.000715056 1.95351 2
28.255 -0.000314159 0.000570847 1.9612 2
28.26 -0.000628319 0.000379303 1.95375 2
28.265 -0.000628319 0.000218641 1.95108 2
28.27 -0.000942478 1.94085e-05 1.95941 2
28.275 -0.000942478 -0.000178807 1.95246 2
28.28 -0.00125664 -0.000411038 1.95013 2
28.285 -0.00125664 -0.000600843 1.94845 2
28.29 -0.0015708 -0.000821166 1.95749 2
28.295 -0.0015708 -0.000995976 1.95106 2
28.3 -0.0015708 -0.00111273 1.94911 2
28.305 -0.00188496 -0.00122801 1.95799 2
28.31 -0.00188496 -0.00131966 1.95141 2
28.315 -0.00188496 -0.00134298 1.94938 2
28.32 -0.00188496 -0.00138319 1.94788 2
28.325 -0.00219911 -0.00146744 1.9571 2
28.33 -0.00219911 -0.00156617 1.95076 2
28.335 -0.00251327 -0.00174755 1.94891 2
28.34 -0.00251327 -0.00192337 1.95782 2
28.345 -0.00282743 -0.00217359 1.95131 2
28.35 -0.00314159 -0.00246591 1.94929 2
28.355 -0.00345575 -0.00277348 1.95812 2
28.36 -0.00376991 -0.00306101 1.96179 2
28.365 -0.00376991 -0.00326579 1.9542 2
28.37 -0.00408407 -0.00347705 1.96167 2
28.375 -0.00408407 -0.00359603 1.96439 2
28.38 -0.00439823 -0.00370867 1.95607 2
28.385 -0.00439823 -0.00377939 1.95277 2
28.39 -0.00471239 -0.00386673 1.96064 2
28.395 -0.00471239 -0.00396839 1.95335 2
28.4 -0.00502655 -0.00414041 1.95077 2
28.405 -0.00534071 -0.00438074 1.9592 2
28.41 -0.00565487 -0.00467442 1.95228 2
28.415 -0.00565487 -0.00496467 1.95001 2
28.42 -0.00596903 -0.00530525 1.94834 2
28.425 -0.00628319 -0.00565314 1.95743 2
28.43 -0.00628319 -0.0059471 1.95099 2
28.435 -0.00659734 -0.00622215 1.94907 2
28.44 -0.00659734 -0.00642762 1.94766 2
28.445 -0.0069115 -0.00660417 1.94664 2
28.45 -0.0069115 -0.0067399 1.94588 2
28.455 -0.00722566 -0.00684944 1.94535 2
28.46 -0.00722566 -0.00692996 1.94494 2
28.465 -0.00753982 -0.00707183 1.94467 2
28.47 -0.00753982 -0.00716908 1.94445 2
28.475 -0.00785398 -0.00732511 1.94431 2
28.48 -0.00816814 -0.00751825 1.94419 2
28.485 -0.0084823 -0.00778097 1.94412 2
28.49 -0.00879646 -0.00805424 1.94405 2
28.495 -0.00911062 -0.00835724 1.94402 2
28.5 -0.00942478 -0.00864499 1.94398 2
28.505 -0.00942478 -0.00887382 1.94397 2
28.51 -0.00973894 -0.00908338 1.94394 2
28.515 -0.00973894 -0.00925307 1.94394 2
28.52 -0.00973894 -0.00934438 1.94392 2
28.525 -0.0100531 -0.00941701 1.94392 2
28.53 -0.0100531 -0.00945466 1.94391 2
28.535 -0.0100531 -0.00947331 1.94392 2
28.54 -0.0103673 -0.00951095 1.9439 2
28.545 -0.0103673 -0.00954853 1.94391 2
28.55 -0.0103673 -0.00956915 1.9439 2
28.555 -0.0106814 -0.00965435 1.94391 2
28.56 -0.0106814 -0.00972536 1.9439 2
28.565 -0.0109956 -0.00986514 1.93362 2
28.57 -0.0109956 -0.00998114 1.93915 2
28.575 -0.0113097 -0.010137 1.94045 2
28.58 -0.0113097 -0.010259 1.94138 2
28.585 -0.0113097 -0.0103535 1.94207 2
28.59 -0.0116239 -0.0104877 1.94256 2
28.595 -0.0116239 -0.0105752 1.94293 2
28.6 -0.0116239 -0.0106327 1.94319 2
28.605 -0.0116239 -0.0106634 1.94339 2
28.61 -0.0116239 -0.010686 1.94352 2
28.615 -0.0116239 -0.0107074 1.93335 2
28.62 -0.0116239 -0.0107263 1.93895 2
28.625 -0.0116239 -0.0107612 1.93002 2
28.63 -0.0119381 -0.0108752 1.93652 2
28.635 -0.0122522 -0.0110545 1.93854 2
28.64 -0.0122522 -0.0112651 1.93998 2
28.645 -0.0125664 -0.011514 1.93077 2
28.65 -0.0125664 -0.011754 1.93707 2
28.655 -0.0128805 -0.0120198 1.93894 2
28.66 -0.0128805 -0.0122513 1.94028 2
28.665 -0.0128805 -0.0124203 1.94127 2
28.67 -0.0131947 -0.012595 1.94197 2
28.675 -0.0131947 -0.0127159 1.93222 2
28.68 -0.0135088 -0.0128294 1.93813 2
28.685 -0.0135088 -0.0129 1.92942 2
28.69 -0.0135088 -0.0129423 1.9258 2
28.695 -0.013823 -0.0130082 1.93347 2
28.7 -0.013823 -0.0130711 1.93629 2
28.705 -0.0141372 -0.0131951 1.92808 2
28.71 -0.0141372 -0.0133031 1.93511 2
28.715 -0.0144513 -0.0134524 1.92722 2
28.72 -0.0144513 -0.0135854 1.93449 2
28.725 -0.0147655 -0.0137482 1.93705 2
28.73 -0.0147655 -0.0138778 1.9389 2
28.735 -0.0150796 -0.0140139 1.92998 2
28.74 -0.0150796 -0.014115 1.9365 2
28.745 -0.0150796 -0.0141676 1.92823 2
28.75 -0.0147655 -0.0141301 1.92494 2
28.755 -0.0147655 -0.0140864 1.93284 2
28.76 -0.0147655 -0.0140313 1.93584 2
28.765 -0.0147655 -0.0139922 1.92775 2
28.77 -0.0147655 -0.0139738 1.93487 2
28.775 -0.0147655 -0.0139642 1.92705 2
28.78 -0.0150796 -0.0140497 1.93436 2
28.785 -0.0150796 -0.0141318 1.93696 2
28.79 -0.0150796 -0.0142155 1.93884 2
28.795 -0.0153938 -0.0143626 1.92993 2
28.8 -0.0153938 -0.0144701 1.93646 2
28.805 -0.0153938 -0.0145859 1.92821 2
28.81 -0.015708 -0.0147367 1.9352 2
28.815 -0.015708 -0.0148619 1.93758 2
28.82 -0.0160221 -0.015018 1.929 2
28.825 -0.0163363 -0.0152434 1.92551 2
28.83 -0.0163363 -0.0154391 1.93324 2
28.835 -0.0166504 -0.0156556 1.92586 2
28.84 -0.0166504 -0.0158859 1.9335 2
28.845 -0.0166504 -0.0160445 1.93634 2
28.85 -0.0166504 -0.0162192 1.9281 2
28.855 -0.0169646 -0.0163903 1.92487 2
28.86 -0.0169646 -0.0165504 1.93277 2
28.865 -0.0169646 -0.01668 1.92552 2
28.87 -0.0169646 -0.0167601 1.93325 2
28.875 -0.0172788 -0.0169357 1.93616 2
28.88 -0.0175929 -0.0171008 1.92797 2
28.885 -0.0175929 -0.0172897 1.92477 2
28.89 -0.0175929 -0.0174251 1.9327 2
28.895 -0.0179071 -0.0176014 1.92547 2
28.9 -0.0182212 -0.0177897 1.93322 2
28.905 -0.0182212 -0.017962 1.93613 2
28.91 -0.0185354 -0.0181505 1.92795 2
28.915 -0.0185354 -0.0182741 1.93504 2
28.92 -0.0188496 -0.0184505 1.92716 2
28.925 -0.0191637 -0.0186148 1.92418 2
28.93 -0.0191637 -0.0188007 1.93227 2
28.935 -0.0194779 -0.0189683 1.93544 2
28.94 -0.0194779 -0.0191414 1.92744 2
28.945 -0.019792 -0.0193267 1.93466 2
28.95 -0.019792 -0.019492 1.93716 2
28.955 -0.0201062 -0.0197277 1.92872 2
28.96 -0.0204204 -0.019925 1.93558 2
28.965 -0.0204204 -0.0201847 1.93785 2
28.97 -0.0207345 -0.0204144 1.92919 2
28.975 -0.0207345 -0.0206401 1.93594 2
28.98 -0.0210487 -0.0208846 1.92781 2
28.985 -0.0213628 -0.0211351 1.92465 2
28.99 -0.0213628 -0.0213507 1.93261 2
28.995 -0.0213628 -0.0214734 1.93569 2
29 -0.021677 -0.0216328 1.92762 2
29.005 -0.021677 -0.0217174 1.9348 2
29.01 -0.021677 -0.0217497 1.92697 2
29.015 -0.021677 -0.0217569 1.93433 2
29.02 -0.0219911 -0.021773 1.93692 2
29.025 -0.0219911 -0.0218125 1.92854 2
29.03 -0.0219911 -0.0218404 1.92516 2
29.035 -0.0223053 -0.0219186 1.933 2
29.04 -0.0223053 -0.0220285 1.92567 2
29.045 -0.0226195 -0.0221544 1.92309 2
29.05 -0.0226195 -0.0223437 1.93148 2
29.055 -0.0229336 -0.0225449 1.93486 2
29.06 -0.0232478 -0.0227816 1.92702 2
29.065 -0.0235619 -0.0230231 1.93436 2
29.07 -0.0235619 -0.0232113 1.92665 2
29.075 -0.0235619 -0.02335 1.93409 2
29.08 -0.0235619 -0.0234138 1.93675 2
29.085 -0.0235619 -0.0234114 1.92841 2
29.09 -0.0235619 -0.0233808 1.92507 2
29.095 -0.0235619 -0.0233225 1.93294 2
29.1 -0.0235619 -0.023273 1.92562 2
29.105 -0.0235619 -0.0232117 1.93334 2
29.11 -0.0235619 -0.023178 1.9362 2
29.115 -0.0235619 -0.023134 1.9383 2
29.12 -0.0235619 -0.0231684 1.93981 2
29.125 -0.0238761 -0.0232451 1.94093 2
29.13 -0.0238761 -0.0233056 1.93144 2
29.135 -0.0238761 -0.0233662 1.93758 2
29.14 -0.0238761 -0.0233915 1.93929 2
29.145 -0.0238761 -0.0233979 1.94055 2
29.15 -0.0241903 -0.02343 1.93116 2
29.155 -0.0241903 -0.0234429 1.93738 2
29.16 -0.0241903 -0.0234015 1.92885 2
29.165 -0.0241903 -0.0233789 1.9357 2
29.17 -0.0241903 -0.0233648 1.93791 2
29.175 -0.0245044 -0.023394 1.93955 2
29.18 -0.0245044 -0.0234379 1.94072 2
29.185 -0.0245044 -0.023472 1.94159 2
29.19 -0.0245044 -0.023509 1.93193 2
29.195 -0.0245044 -0.0235401 1.93793 2
29.2 -0.0245044 -0.0235333 1.93954 2
29.205 -0.0245044 -0.0235392 1.94074 2
29.21 -0.0245044 -0.0234723 1.9313 2
29.215 -0.0245044 -0.0234293 1.93748 2
29.22 -0.0245044 -0.0233479 1.92893 2
29.225 -0.0245044 -0.0232457 1.93575 2
29.23 -0.0245044 -0.0231752 1.93795 2
29.235 -0.0245044 -0.0230928 1.93958 2
29.24 -0.0245044 -0.023058 1.94074 2
29.245 -0.0248186 -0.0230858 1.94161 2
29.25 -0.0248186 -0.0231394 1.94222 2
29.255 -0.0251327 -0.0232519 1.94269 2
29.26 -0.0251327 -0.0233691 1.94301 2
29.265 -0.0251327 -0.0234664 1.94326 2
29.27 -0.0251327 -0.0235433 1.93314 2
29.275 -0.0251327 -0.0236157 1.93882 2
29.28 -0.0254469 -0.0236932 1.94019 2
29.285 -0.0254469 -0.023757 1.94121 2
29.29 -0.0254469 -0.0238189 1.94193 2
29.295 -0.0254469 -0.0238619 1.94247 2
29.3 -0.0254469 -0.0238974 1.94285 2
29.305 -0.0254469 -0.0239424 1.94315 2
29.31 -0.0254469 -0.0239958 1.94334 2
29.315 -0.0254469 -0.0240161 1.9435 2
29.32 -0.0254469 -0.0240357 1.9436 2
29.325 -0.0254469 -0.0240232 1.94369 2
29.33 -0.0251327 -0.0238986 1.94374 2
29.335 -0.0251327 -0.0237578 1.93351 2
29.34 -0.0251327 -0.0235934 1.93907 2
29.345 -0.0251327 -0.0234204 1.9301 2
29.35 -0.0254469 -0.0232874 1.93659 2
29.355 -0.0254469 -0.0231853 1.93858 2
29.36 -0.0254469 -0.0230968 1.94002 2
29.365 -0.0254469 -0.0230344 1.94108 2
29.37 -0.0254469 -0.0230275 1.94184 2
29.375 -0.0254469 -0.0230093 1.94241 2
29.38 -0.0254469 -0.023002 1.9428 2
29.385 -0.0251327 -0.0229544 1.94311 2
29.39 -0.0251327 -0.02287 1.94332 2
29.395 -0.0251327 -0.0227817 1.94349 2
29.4 -0.0248186 -0.0226057 1.94359 2
29.405 -0.0245044 -0.0223749 1.94368 2
29.41 -0.0245044 -0.022174 1.94373 2
29.415 -0.0241903 -0.0219017 1.94379 2
29.42 -0.0238761 -0.0216586 1.94381 2
29.425 -0.0238761 -0.0214625 1.94384 2
29.43 -0.0235619 -0.0212696 1.95414 2
29.435 -0.0235619 -0.0211389 1.94862 2
29.44 -0.0235619 -0.0210699 1.95762 2
29.445 -0.0235619 -0.0210044 1.96144 2
29.45 -0.0235619 -0.0209616 1.95392 2
29.455 -0.0235619 -0.0208996 1.95121 2
29.46 -0.0232478 -0.0207682 1.9595 2
29.465 -0.0232478 -0.0206283 1.95253 2
29.47 -0.0232478 -0.0204834 1.95018 2
29.475 -0.0232478 -0.0203374 1.95877 2
29.48 -0.0232478 -0.020188 1.95198 2
29.485 -0.0229336 -0.0200234 1.94979 2
29.49 -0.0229336 -0.0198837 1.94818 2
29.495 -0.0229336 -0.0197793 1.95732 2
29.5 -0.0229336 -0.0197084 1.95092 2
29.505 -0.0226195 -0.0195803 1.95931 2
29.51 -0.0226195 -0.0194916 1.96266 2
29.515 -0.0223053 -0.0193339 1.95483 2
29.52 -0.0219911 -0.0191448 1.95185 2
29.525 -0.0219911 -0.0189835 1.9497 2
29.53 -0.021677 -0.0187775 1.94812 2
29.535 -0.0213628 -0.0185289 1.94698 2
29.54 -0.0213628 -0.0183273 1.94614 2
29.545 -0.0210487 -0.0181051 1.95583 2
29.55 -0.0207345 -0.017885 1.94983 2
29.555 -0.0207345 -0.0176813 1.94823 2
29.56 -0.0204204 -0.0174521 1.95733 2
29.565 -0.0204204 -0.0172593 1.96124 2
29.57 -0.0201062 -0.0170343 1.95377 2
29.575 -0.0201062 -0.0168194 1.96139 2
29.58 -0.019792 -0.0165726 1.95388 2
29.585 -0.019792 -0.0163328 1.95118 2
29.59 -0.0194779 -0.016066 1.9492 2
29.595 -0.0194779 -0.0158157 1.95806 2
29.6 -0.0191637 -0.0155144 1.95146 2
29.605 -0.0188496 -0.0152151 1.94942 2
29.61 -0.0188496 -0.0149615 1.95819 2
29.615 -0.0185354 -0.014671 1.95158 2
29.62 -0.0182212 -0.0143751 1.94948 2
29.625 -0.0179071 -0.0140472 1.95826 2
29.63 -0.0175929 -0.0137411 1.96189 2
29.635 -0.0175929 -0.0134571 1.95427 2
29.64 -0.0169646 -0.0130984 1.95145 2
29.645 -0.0166504 -0.0127152 1.95969 2
29.65 -0.0163363 -0.0123439 1.95265 2
29.655 -0.0160221 -0.0119544 1.95028 2
29.66 -0.0153938 -0.0115158 1.94854 2
29.665 -0.0150796 -0.0110954 1.95758 2
29.67 -0.0147655 -0.0106832 1.95111 2
29.675 -0.0144513 -0.0103192 1.95945 2
29.68 -0.0141372 -0.00996969 1.95247 2
29.685 -0.013823 -0.00964925 1.95015 2
29.69 -0.0135088 -0.00934363 1.94845 2
29.695 -0.0135088 -0.00910808 1.95751 2
29.7 -0.0131947 -0.00889549 1.96134 2
29.705 -0.0128805 -0.00867895 1.95387 2
29.71 -0.0125664 -0.00844797 1.96144 2
29.715 -0.0125664 -0.00830169 1.95394 2
29.72 -0.0122522 -0.00812576 1.95121 2
29.725 -0.0119381 -0.00794061 1.94923 2
29.73 -0.0119381 -0.0078205 1.95806 2
29.735 -0.0116239 -0.00766522 1.95148 2
29.74 -0.0113097 -0.00748499 1.94941 2
29.745 -0.0109956 -0.0072793 1.95821 2
29.75 -0.0106814 -0.00704061 1.95157 2
29.755 -0.0106814 -0.00684468 1.9495 2
29.76 -0.0103673 -0.0066098 1.94797 2
29.765 -0.0100531 -0.00631153 1.95716 2
29.77 -0.00973894 -0.00600539 1.9508 2
29.775 -0.00973894 -0.00573217 1.95923 2
29.78 -0.00942478 -0.00543852 1.9626 2
29.785 -0.00942478 -0.00519153 1.95478 2
29.79 -0.00911062 -0.00490346 1.95182 2
29.795 -0.00879646 -0.0046122 1.94968 2
29.8 -0.00879646 -0.00435743 1.95839 2
29.805 -0.0084823 -0.00407988 1.95172 2
29.81 -0.00816814 -0.00378426 1.95987 2
29.815 -0.00785398 -0.00346545 1.96309 2
29.82 -0.00753982 -0.0031303 1.95512 2
29.825 -0.00722566 -0.00277672 1.95208 2
29.83 -0.0069115 -0.00241238 1.96014 2
29.835 -0.00628319 -0.00198244 1.96328 2
29.84 -0.00596903 -0.00155473 1.95526 2
29.845 -0.00565487 -0.00116066 1.96247 2
29.85 -0.00502655 -0.000704701 1.96496 2
29.855 -0.00471239 -0.00026726 1.95651 2
29.86 -0.00408407 0.000220994 1.95308 2
29.865 -0.00376991 0.00064249 1.96088 2
29.87 -0.00345575 0.00104416 1.9638 2
29.875 -0.00282743 0.00149484 1.95566 2
29.88 -0.00251327 0.00189685 1.96275 2
29.885 -0.00219911 0.00232012 1.96518 2
29.89 -0.00188496 0.00263497 1.95665 2
29.895 -0.0015708 0.00303379 1.9532 2
29.9 -0.0015708 0.00326269 1.96095 2
29.905 -0.00125664 0.00354658 1.96387 2
29.91 -0.000942478 0.0038167 1.95569 2
29.915 -0.000942478 0.00398904 1.96279 2
29.92 -0.000628319 0.00420942 1.96519 2
29.925 -0.000314159 0.00435172 1.95667 2
29.93 -0.000314159 0.00452678 1.9532 2
29.935 0.000314159 0.00470168 1.96097 2
29.94 0.000314159 0.00487196 1.96386 2
29.945 0.000628319 0.00505402 1.95571 2
29.95 0.00125664 0.00527913 1.96278 2
29.955 0.00125664 0.00550226 1.9652 2
29.96 0.00188496 0.00572791 1.95666 2
29.965 0.00188496 0.00596449 1.95321 2
29.97 0.00219911 0.00618058 1.96096 2
29.975 0.00251327 0.00638467 1.96388 2
29.98 0.00282743 0.00660447 1.9557 2
29.985 0.00282743 0.00673623 1.96279 2
29.99 0.00282743 0.00685387 1.96519 2
29.995 0.00314159 0.00695455 1.95667 2
30 0.00314159 0.00703802 1.9532 2
