# Generated from ../data/13JUL2013/000.dat
freq T_rw T_rw_desired T_s T_s_desired
0 286.094 344.846 1 1
0.0999001 1081.21 1367.42 1 1
0.1998 3602.14 4704.07 1 1
0.2997 560.142 740.846 1 1
0.3996 357.697 475.414 1 1
0.4995 280.441 418.061 1 1
0.599401 292.527 463.002 1 1
0.699301 254.576 470.86 1 1
0.799201 259.283 489.999 1 1
0.899101 77.9216 177.26 1 1
0.999001 136.934 350.531 1 1
1.0989 108.27 265.507 1 1
1.1988 138.33 333.103 1 1
1.2987 140.786 315.804 1 1
1.3986 142.546 282.827 1 1
1.4985 111.328 209.323 1 1
1.5984 136.53 241.276 1 1
1.6983 151.75 258.125 1 1
1.7982 198.732 334.272 1 1
1.8981 103.395 177.307 1 1
1.998 137.259 238.583 1 1
2.0979 106.971 203.095 1 1
2.1978 86.9085 175.082 1 1
2.2977 108.523 220.089 1 1
2.3976 178.002 365.364 1 1
2.4975 101.029 232.331 1 1
2.5974 111.945 226.525 1 1
2.6973 116.86 247.107 1 1
2.7972 114.626 219.379 1 1
2.8971 183.241 343.436 1 1
2.997 162.615 293.974 1 1
3.0969 129.397 236.971 1 1
3.1968 133.486 233.364 1 1
3.2967 109.335 201.855 1 1
3.3966 128.467 233.727 1 1
3.4965 131.067 252.923 1 1
3.5964 116.573 224.429 1 1
3.6963 67.5471 132.445 1 1
3.7962 242.45 494.27 1 1
3.8961 119.777 252.472 1 1
3.996 169.784 353.041 1 1
4.0959 130.256 244.525 1 1
4.1958 123.098 239.522 1 1
4.2957 90.1092 169.842 1 1
4.3956 104.947 197.852 1 1
4.4955 257.542 486.071 1 1
4.5954 235.786 413.679 1 1
4.6953 45.123 92.6179 1 1
4.7952 127.169 223.249 1 1
4.8951 254.327 486.972 1 1
4.995 94.8093 167.899 1 1
5.0949 126.349 247.532 1 1
5.1948 121.905 232.222 1 1
5.2947 148.776 290.864 1 1
5.39461 104.428 208.884 1 1
5.49451 170.54 344.719 1 1
5.59441 109.652 224.834 1 1
5.69431 118.128 214.176 1 1
5.79421 207.246 384.794 1 1
5.89411 111.509 202.276 1 1
5.99401 106.033 194.419 1 1
6.09391 93.5957 159.271 1 1
6.19381 96.3734 174.334 1 1
6.29371 95.7857 177.948 1 1
6.39361 113.327 201.416 1 1
6.49351 84.7399 155.359 1 1
6.59341 56.5196 109.468 1 1
6.69331 142.443 300.77 1 1
6.79321 58.3845 116.273 1 1
6.89311 101.712 206.398 1 1
6.99301 130.537 253.981 1 1
7.09291 62.4517 122.864 1 1
7.19281 93.1621 172.318 1 1
7.29271 110.51 207.519 1 1
7.39261 190.592 346.606 1 1
7.49251 78.446 144.548 1 1
7.59241 163.438 292.103 1 1
7.69231 105.695 193.952 1 1
7.79221 854.112 1549.77 1 1
7.89211 101.245 187.499 1 1
7.99201 80.1178 150.249 1 1
8.09191 83.0967 156.07 1 1
8.19181 227.991 428.047 1 1
8.29171 327.883 618.041 1 1
8.39161 147.383 265.507 1 1
8.49151 309.5 569.304 1 1
8.59141 179.178 323.458 1 1
8.69131 93.7131 173.4 1 1
8.79121 109.12 192.343 1 1
8.89111 137.028 253.91 1 1
8.99101 162.422 298.952 1 1
9.09091 79.112 149.778 1 1
9.19081 77.2485 145.371 1 1
9.29071 40.4675 75.6091 1 1
9.39061 61.8494 116.211 1 1
9.49051 77.7506 144.198 1 1
9.59041 57.4144 106.45 1 1
9.69031 76.4601 142.825 1 1
9.79021 54.9214 103.621 1 1
9.89011 67.3626 128.507 1 1
9.99001 50.8316 96.6151 1 1
10.0899 65.154 122.539 1 1
10.1898 254.398 475.049 1 1
10.2897 54.3907 101.329 1 1
10.3896 151.546 279.097 1 1
10.4895 472.339 860.085 1 1
10.5894 197.365 356.942 1 1
10.6893 129.984 236.357 1 1
10.7892 87.1829 159.085 1 1
10.8891 69.7721 129.24 1 1
10.989 57.7873 108.532 1 1
11.0889 75.1797 145.088 1 1
11.1888 32.2011 62.2114 1 1
11.2887 99.0547 194.447 1 1
11.3886 35.4586 67.6024 1 1
11.4885 66.8713 129.031 1 1
11.5884 40.6458 75.2136 1 1
11.6883 172.507 308.448 1 1
11.7882 32.6346 60.1663 1 1
11.8881 37.4373 66.2871 1 1
11.988 38.7849 70.3444 1 1
12.0879 25.3766 45.7817 1 1
12.1878 86.7569 157.78 1 1
12.2877 26.5533 51.9725 1 1
12.3876 28.1131 54.2956 1 1
12.4875 21.7091 43.5573 1 1
12.5874 23.7098 45.159 1 1
12.6873 8.58145 16.7647 1 1
12.7872 13.4374 24.8728 1 1
12.8871 14.9303 28.6337 1 1
12.987 39.9602 73.6073 1 1
13.0869 39.7555 73.2655 1 1
13.1868 47.1324 85.4062 1 1
13.2867 45.0758 80.0791 1 1
13.3866 34.7706 65.6732 1 1
13.4865 127.369 230.749 1 1
13.5864 45.428 84.4989 1 1
13.6863 42.5094 79.6292 1 1
13.7862 52.4327 103.743 1 1
13.8861 19.0649 36.9195 1 1
13.986 30.151 58.1669 1 1
14.0859 20.091 36.2797 1 1
14.1858 34.198 59.1575 1 1
14.2857 33.3748 62.2201 1 1
14.3856 50.7917 89.2375 1 1
14.4855 17.3363 32.2942 1 1
14.5854 21.9765 38.942 1 1
14.6853 30.5874 55.3638 1 1
14.7852 15.9986 29.3406 1 1
14.8851 28.9114 49.9839 1 1
14.985 13.4325 24.9774 1 1
15.0849 22.3753 38.6571 1 1
15.1848 27.1478 55.9248 1 1
15.2847 12.4667 22.3201 1 1
15.3846 16.5409 30.4874 1 1
15.4845 31.3688 55.3185 1 1
15.5844 13.3241 22.7837 1 1
15.6843 92.0933 178.432 1 1
15.7842 22.638 44.4558 1 1
15.8841 40.8523 71.9855 1 1
15.984 39.048 73.0086 1 1
16.0839 22.5882 43.4412 1 1
16.1838 21.8907 37.9992 1 1
16.2837 21.043 37.4493 1 1
16.3836 12.4102 22.3604 1 1
16.4835 32.6992 59.9286 1 1
16.5834 11.3535 20.2998 1 1
16.6833 28.3923 47.8518 1 1
16.7832 22.6281 39.0491 1 1
16.8831 14.0515 30.8362 1 1
16.983 21.3296 41.0279 1 1
17.0829 33.0014 64.055 1 1
17.1828 74.7238 135.301 1 1
17.2827 43.7789 84.8596 1 1
17.3826 63.4707 115.847 1 1
17.4825 73.5881 128.276 1 1
17.5824 54.2632 104.957 1 1
17.6823 114.326 206.878 1 1
17.7822 60.7626 109.085 1 1
17.8821 256.332 450.937 1 1
17.982 66.6452 135.707 1 1
18.0819 95.637 162.849 1 1
18.1818 52.2175 121.076 1 1
18.2817 128.834 216.825 1 1
18.3816 49.2053 89.7055 1 1
18.4815 59.5362 113.193 1 1
18.5814 47.3673 98.7607 1 1
18.6813 123.089 229.273 1 1
18.7812 416.639 762.167 1 1
18.8811 67.6109 128.856 1 1
18.981 240.967 467.378 1 1
19.0809 63.029 112.192 1 1
19.1808 57.2759 109.673 1 1
19.2807 87.3962 158.464 1 1
19.3806 179.886 349.908 1 1
19.4805 102.644 184.42 1 1
19.5804 88.8506 170.661 1 1
19.6803 146.234 264.775 1 1
19.7802 86.6166 164.124 1 1
19.8801 100.206 179.03 1 1
19.98 124.622 231.002 1 1
20.0799 62.5345 118.32 1 1
20.1798 125.417 242.126 1 1
20.2797 72.4939 138.713 1 1
20.3796 160.82 303.051 1 1
20.4795 78.7858 148.637 1 1
20.5794 162.775 306.241 1 1
20.6793 168.054 314.802 1 1
20.7792 71.4346 130.167 1 1
20.8791 70.5055 127.587 1 1
20.979 83.7097 150.45 1 1
21.0789 93.7163 169.147 1 1
21.1788 29.9364 54.8615 1 1
21.2787 73.843 137.884 1 1
21.3786 117.76 224.738 1 1
21.4785 48.3206 92.5733 1 1
21.5784 69.9209 137.528 1 1
21.6783 203.422 403.546 1 1
21.7782 93.4353 179.402 1 1
21.8781 153.556 282.755 1 1
21.978 254.94 459.311 1 1
22.0779 109.619 193.044 1 1
22.1778 198.272 358.694 1 1
22.2777 107.277 193.227 1 1
22.3776 354.648 653.511 1 1
22.4775 89.4213 163.254 1 1
22.5774 373.571 714.002 1 1
22.6773 62.1018 117.757 1 1
22.7772 201.734 372.759 1 1
22.8771 151.695 302.916 1 1
22.977 103.367 191.85 1 1
23.0769 38.2597 76.9779 1 1
23.1768 281.268 514.195 1 1
23.2767 93.9004 181.21 1 1
23.3766 107.365 190.41 1 1
23.4765 108.985 183.718 1 1
23.5764 139.784 265.157 1 1
23.6763 134.344 242.573 1 1
23.7762 76.5361 144.721 1 1
23.8761 141.327 270.906 1 1
23.976 87.8812 160.714 1 1
24.0759 63.459 124.812 1 1
24.1758 169.639 317.127 1 1
24.2757 189.167 359.117 1 1
24.3756 125.507 220.733 1 1
24.4755 97.3606 183.758 1 1
24.5754 476.233 921.464 1 1
24.6753 135.441 256.263 1 1
24.7752 128.67 228.512 1 1
24.8751 74.0481 153.035 1 1
24.975 149.979 285.256 1 1
25.0749 89.5733 169.773 1 1
25.1748 96.0326 213.179 1 1
25.2747 203.929 362.008 1 1
25.3746 55.5781 124.636 1 1
25.4745 142.909 249.598 1 1
25.5744 100.578 177.448 1 1
25.6743 102.152 194.923 1 1
25.7742 97.1069 153.91 1 1
25.8741 132.464 264.89 1 1
25.974 186.011 328.168 1 1
26.0739 175.829 313.519 1 1
26.1738 104.001 196.157 1 1
26.2737 527.241 978.161 1 1
26.3736 156.553 258.39 1 1
26.4735 167.717 327.178 1 1
26.5734 170.601 280.261 1 1
26.6733 140.927 283.318 1 1
26.7732 56.6548 120.33 1 1
26.8731 134.586 231.349 1 1
26.973 286.119 504.226 1 1
27.0729 91.9918 167.489 1 1
27.1728 57.6291 101.745 1 1
27.2727 116.562 225.391 1 1
27.3726 255.341 461.843 1 1
27.4725 59.0133 124.435 1 1
27.5724 72.3302 132.391 1 1
27.6723 93.834 173.243 1 1
27.7722 107.188 214.934 1 1
27.8721 92.7968 161.292 1 1
27.972 288.75 492.538 1 1
28.0719 92.6093 174.626 1 1
28.1718 93.3679 190.75 1 1
28.2717 193.813 327.602 1 1
28.3716 94.6591 174.234 1 1
28.4715 58.6819 112.348 1 1
28.5714 72.7509 143.048 1 1
28.6713 86.1406 167.862 1 1
28.7712 69.6781 132.687 1 1
28.8711 66.275 123.485 1 1
28.971 130.487 228.162 1 1
29.0709 113.48 200.704 1 1
29.1708 85.2398 152.854 1 1
29.2707 127.738 231.955 1 1
29.3706 103.225 205.153 1 1
29.4705 138.46 265.294 1 1
29.5704 175.343 370.075 1 1
29.6703 89.243 170.197 1 1
29.7702 220.119 373.929 1 1
29.8701 100.195 171.295 1 1
29.97 87.1417 159.926 1 1
30.0699 243.895 421.153 1 1
30.1698 86.5446 161.134 1 1
30.2697 49.8693 93.7836 1 1
30.3696 517.021 935.979 1 1
30.4695 47.3433 90.358 1 1
30.5694 63.1606 118.629 1 1
30.6693 70.7392 131.342 1 1
30.7692 57.2873 111.482 1 1
30.8691 77.2134 143.957 1 1
30.969 114.226 220.564 1 1
31.0689 66.3049 121.185 1 1
31.1688 505.095 937.688 1 1
31.2687 71.8503 131.159 1 1
31.3686 69.1062 126.539 1 1
31.4685 153.912 284.953 1 1
31.5684 68.2941 128.044 1 1
31.6683 65.5317 124.363 1 1
31.7682 198.081 374.123 1 1
31.8681 47.521 92.5539 1 1
31.968 54.63 104.711 1 1
32.0679 61.1788 109.78 1 1
32.1678 148.165 278.211 1 1
32.2677 51.2866 90.7837 1 1
32.3676 122.371 227.277 1 1
32.4675 86.3589 160.653 1 1
32.5674 128.773 251.971 1 1
32.6673 70.3254 128.191 1 1
32.7672 51.3322 100.28 1 1
32.8671 78.6454 141.714 1 1
32.967 98.8213 180.001 1 1
33.0669 76.9728 147.962 1 1
33.1668 58.1156 120.428 1 1
33.2667 115.011 209.173 1 1
33.3666 59.225 106.374 1 1
33.4665 72.6146 124.341 1 1
33.5664 204.101 362.609 1 1
33.6663 76.135 155.227 1 1
33.7662 69.5539 134.337 1 1
33.8661 166.517 291.947 1 1
33.966 149.402 269.088 1 1
34.0659 109.377 232.474 1 1
34.1658 39.9281 76.4216 1 1
34.2657 97.0905 179.584 1 1
34.3656 70.6611 134.316 1 1
34.4655 437.421 769.724 1 1
34.5654 54.2798 101.848 1 1
34.6653 56.3138 109.626 1 1
34.7652 81.8312 146.2 1 1
34.8651 196.161 350.502 1 1
34.965 63.3772 118.761 1 1
35.0649 86.0454 168.101 1 1
35.1648 49.7808 99.4515 1 1
35.2647 87.7022 168.798 1 1
35.3646 58.3992 119.894 1 1
35.4645 238.596 417.55 1 1
35.5644 34.3735 64.3817 1 1
35.6643 76.6529 138.038 1 1
35.7642 184.285 312.015 1 1
35.8641 71.2005 128.811 1 1
35.964 38.3043 77.7471 1 1
36.0639 32.415 67.4567 1 1
36.1638 54.7914 106.962 1 1
36.2637 30.2753 57.1364 1 1
36.3636 117.774 223.076 1 1
36.4635 165.246 259.564 1 1
36.5634 75.0623 138.738 1 1
36.6633 42.6233 79.5089 1 1
36.7632 49.3763 87.2309 1 1
36.8631 185.786 315.614 1 1
36.963 82.8622 160.405 1 1
37.0629 246.532 414.162 1 1
37.1628 65.3662 112.422 1 1
37.2627 45.8738 100.788 1 1
37.3626 83.6384 144.79 1 1
37.4625 117.414 185.178 1 1
37.5624 70.7549 129.396 1 1
37.6623 104.489 192.697 1 1
37.7622 165.859 298.407 1 1
37.8621 288.284 465.592 1 1
37.962 198.833 364.037 1 1
38.0619 101.745 191.345 1 1
38.1618 191.807 335.016 1 1
38.2617 114.886 194.777 1 1
38.3616 311.381 561.366 1 1
38.4615 119.119 284.251 1 1
38.5614 105.819 206.973 1 1
38.6613 290.676 531.095 1 1
38.7612 151.577 275.687 1 1
38.8611 138.547 272.54 1 1
38.961 291.361 515.919 1 1
39.0609 217.854 362.69 1 1
39.1608 116.957 209.237 1 1
39.2607 99.7656 184.195 1 1
39.3606 67.9993 138.999 1 1
39.4605 558.377 1042.98 1 1
39.5604 50.5773 107.289 1 1
39.6603 166.9 306.041 1 1
39.7602 100.655 204.646 1 1
39.8601 77.5579 133.684 1 1
39.96 294.628 571.676 1 1
40.0599 89.7951 167.705 1 1
40.1598 131.058 246.729 1 1
40.2597 85.6821 159.292 1 1
40.3596 191.098 348.282 1 1
40.4595 198.148 358.044 1 1
40.5594 134.204 256.053 1 1
40.6593 152.619 285.995 1 1
40.7592 96.4639 179.254 1 1
40.8591 99.5632 189.538 1 1
40.959 214.908 417.115 1 1
41.0589 80.1383 156.524 1 1
41.1588 71.5204 133.36 1 1
41.2587 132.852 248.397 1 1
41.3586 102.196 187.199 1 1
41.4585 36.1925 66.5751 1 1
41.5584 96.0803 174.35 1 1
41.6583 85.8571 156.026 1 1
41.7582 64.0033 118.406 1 1
41.8581 152.873 284.894 1 1
41.958 115.257 219.091 1 1
42.0579 243.63 463.062 1 1
42.1578 94.5024 179.485 1 1
42.2577 76.8629 144.862 1 1
42.3576 472.575 872.666 1 1
42.4575 86.5613 159.634 1 1
42.5574 116.154 213.564 1 1
42.6573 72.3124 131.846 1 1
42.7572 487.899 904.418 1 1
42.8571 55.4587 102.835 1 1
42.957 70.8045 132.32 1 1
43.0569 83.0334 158.822 1 1
43.1568 93.8679 168.871 1 1
43.2567 1681.68 3115.17 1 1
43.3566 154.934 286.46 1 1
43.4565 138.912 266.083 1 1
43.5564 91.194 162.194 1 1
43.6563 302.191 530.908 1 1
43.7562 247.159 431.176 1 1
43.8561 203.423 391.039 1 1
43.956 173.358 316.485 1 1
44.0559 148.702 270.011 1 1
44.1558 51.1803 98.3271 1 1
44.2557 81.224 165.132 1 1
44.3556 70.644 141.855 1 1
44.4555 81.6033 149.614 1 1
44.5554 85.0608 155.946 1 1
44.6553 159.481 263.986 1 1
44.7552 56.9393 104.976 1 1
44.8551 80.5848 138.793 1 1
44.955 228.05 446.188 1 1
45.0549 160.318 321.19 1 1
45.1548 193.482 356.607 1 1
45.2547 43.9739 92.1064 1 1
45.3546 128.904 239.986 1 1
45.4545 142.415 278.385 1 1
45.5544 271.381 501.756 1 1
45.6543 100.799 182.935 1 1
45.7542 119.27 233.315 1 1
45.8541 212.814 438.375 1 1
45.954 116.656 218.102 1 1
46.0539 114.62 214.6 1 1
46.1538 151.847 302.667 1 1
46.2537 90.9135 179.228 1 1
46.3536 164.226 303.383 1 1
46.4535 60.9211 113.442 1 1
46.5534 138.623 262.879 1 1
46.6533 153.002 264.94 1 1
46.7532 54.5851 108.183 1 1
46.8531 159.913 298.432 1 1
46.953 64.0241 124.26 1 1
47.0529 50.0165 87.9085 1 1
47.1528 49.2707 85.8587 1 1
47.2527 45.5776 84.938 1 1
47.3526 86.11 149.387 1 1
47.4525 54.1546 116.945 1 1
47.5524 61.3001 109.265 1 1
47.6523 72.9047 146.992 1 1
47.7522 39.5443 80.3595 1 1
47.8521 47.8274 95.7597 1 1
47.952 57.0886 106.449 1 1
48.0519 77.9754 142.299 1 1
48.1518 84.9225 145.329 1 1
48.2517 37.5111 80.5196 1 1
48.3516 34.6122 78.0855 1 1
48.4515 119.757 210.415 1 1
48.5514 50.188 103.99 1 1
48.6513 65.2831 110.339 1 1
48.7512 65.9507 112.497 1 1
48.8511 63.8099 126.601 1 1
48.951 79.1503 131.925 1 1
49.0509 39.0051 69.7686 1 1
49.1508 31.548 55.6038 1 1
49.2507 82.9646 130.418 1 1
49.3506 51.2765 88.0819 1 1
49.4505 85.5134 144.605 1 1
49.5504 29.4258 58.547 1 1
49.6503 91.9257 175.232 1 1
49.7502 346.303 631.579 1 1
49.8501 58.9376 111.925 1 1
49.95 97.5272 165.812 1 1
50.0499 56.8707 106.881 1 1
50.1498 59.0396 104.364 1 1
50.2497 161.65 276.964 1 1
50.3496 33.0911 70.9979 1 1
50.4495 87.6534 140.379 1 1
50.5494 65.0447 122.077 1 1
50.6493 210.874 358.536 1 1
50.7492 75.6705 136.387 1 1
50.8491 158.766 314.591 1 1
50.949 94.4782 174.453 1 1
51.0489 54.9861 110.664 1 1
51.1488 130.426 234.585 1 1
51.2487 92.9618 177.658 1 1
51.3486 118.221 230.235 1 1
51.4485 127.683 233.029 1 1
51.5484 121.782 235.602 1 1
51.6483 136.531 241.701 1 1
51.7482 113.138 201.441 1 1
51.8481 51.6107 95.0597 1 1
51.948 187.041 338.42 1 1
52.0479 104.887 195.66 1 1
52.1478 82.8129 156.375 1 1
52.2477 82.4713 162.421 1 1
52.3476 101.817 203.328 1 1
52.4475 149.957 292.341 1 1
52.5474 79.1351 149.919 1 1
52.6473 221.451 412.649 1 1
52.7472 74.9652 137.225 1 1
52.8471 64.324 117.323 1 1
52.947 69.6965 124.038 1 1
53.0469 67.5075 121.974 1 1
53.1468 197.156 357.069 1 1
53.2467 190.108 354.598 1 1
53.3466 98.239 182.181 1 1
53.4465 112.479 210.547 1 1
53.5464 119.454 227.065 1 1
53.6463 81.8477 159.013 1 1
53.7462 271.736 499.604 1 1
53.8462 68.1194 130.071 1 1
53.9461 69.543 128.721 1 1
54.046 119.764 206.889 1 1
54.1459 459.982 805.785 1 1
54.2458 74.8644 131.611 1 1
54.3457 93.8232 173.861 1 1
54.4456 35.2881 74.0081 1 1
54.5455 164.614 304.965 1 1
54.6454 90.9272 160.898 1 1
54.7453 153.025 298.681 1 1
54.8452 153.129 258.806 1 1
54.9451 93.0768 154.669 1 1
55.045 54.5762 115.323 1 1
55.1449 85.035 150.763 1 1
55.2448 387.707 624.105 1 1
55.3447 141.995 265.154 1 1
55.4446 98.2559 197.753 1 1
55.5445 52.3815 104.053 1 1
55.6444 61.3828 114.945 1 1
55.7443 190.666 477.837 1 1
55.8442 201.82 350.257 1 1
55.9441 182.809 295.057 1 1
56.044 83.513 160.127 1 1
56.1439 73.3632 132.367 1 1
56.2438 171.41 261.889 1 1
56.3437 346.443 592.416 1 1
56.4436 75.3443 230.56 1 1
56.5435 93.5319 174.02 1 1
56.6434 79.6687 146.633 1 1
56.7433 78.6942 156.634 1 1
56.8432 198.93 351.004 1 1
56.9431 220.71 400.786 1 1
57.043 128.871 228.981 1 1
57.1429 101.436 220.893 1 1
57.2428 111.191 197.291 1 1
57.3427 132.505 234.362 1 1
57.4426 148.972 254.211 1 1
57.5425 83.6458 168.237 1 1
57.6424 314.346 755.484 1 1
57.7423 72.8121 159.802 1 1
57.8422 76.5398 127.875 1 1
57.9421 109.045 207.427 1 1
58.042 76.5298 128.453 1 1
58.1419 179.005 300.329 1 1
58.2418 115.593 222.184 1 1
58.3417 322.049 494.845 1 1
58.4416 28.1366 68.4905 1 1
58.5415 57.6102 138.872 1 1
58.6414 104.083 189.983 1 1
58.7413 112.48 271.517 1 1
58.8412 62.5815 109.503 1 1
58.9411 135.958 212.774 1 1
59.041 325.399 514.222 1 1
59.1409 64.8269 128.093 1 1
59.2408 120.393 243.994 1 1
59.3407 82.4965 132.92 1 1
59.4406 47.0308 94.0874 1 1
59.5405 78.4156 179.172 1 1
59.6404 44.4048 84.1341 1 1
59.7403 188.601 304.153 1 1
59.8402 521.69 832.346 1 1
59.9401 94.2405 177.339 1 1
60.04 72.6714 153.127 1 1
60.1399 160.4 278.553 1 1
60.2398 204.644 409.172 1 1
60.3397 79.049 156.298 1 1
60.4396 79.9451 136.808 1 1
60.5395 132.733 228.415 1 1
60.6394 183.295 315.258 1 1
60.7393 416.998 809.587 1 1
60.8392 60.762 124.362 1 1
60.9391 91.2416 176.893 1 1
61.039 316.989 560.814 1 1
61.1389 234.418 437.396 1 1
61.2388 192.101 338.581 1 1
61.3387 171.85 308.253 1 1
61.4386 168.339 309.051 1 1
61.5385 53.1019 113.758 1 1
61.6384 154.454 282.463 1 1
61.7383 103.977 194.319 1 1
61.8382 339.937 639.186 1 1
61.9381 67.7405 130.528 1 1
62.038 91.7687 177.524 1 1
62.1379 170.218 312.274 1 1
62.2378 107.865 199.966 1 1
62.3377 121.858 232.685 1 1
62.4376 238.692 443.502 1 1
62.5375 112.746 211.685 1 1
62.6374 186.247 348.191 1 1
62.7373 129.165 241.359 1 1
62.8372 81.3896 149.383 1 1
62.9371 82.6133 151.892 1 1
63.037 134.543 246.604 1 1
63.1369 55.4412 102.138 1 1
63.2368 99.9354 185.863 1 1
63.3367 172.085 320.012 1 1
63.4366 75.4718 144.285 1 1
63.5365 178.38 345.022 1 1
63.6364 89.9245 163.846 1 1
63.7363 91.33 177.718 1 1
63.8362 222.999 438.795 1 1
63.9361 92.5568 174.529 1 1
64.036 117.652 212.89 1 1
64.1359 114.792 208.854 1 1
64.2358 211.295 391.34 1 1
64.3357 96.5962 187.64 1 1
64.4356 90.2985 166.616 1 1
64.5355 360.928 653.974 1 1
64.6354 110.663 200.91 1 1
64.7353 58.9879 117.217 1 1
64.8352 100.067 175.709 1 1
64.9351 78.2088 135.784 1 1
65.035 128.501 238.69 1 1
65.1349 133.16 251.566 1 1
65.2348 67.7995 137.227 1 1
65.3347 192.723 327.338 1 1
65.4346 370.404 704.613 1 1
65.5345 338.025 588.275 1 1
65.6344 90.1362 182.814 1 1
65.7343 149.954 277.34 1 1
65.8342 75.7297 154.295 1 1
65.9341 125.762 226.892 1 1
66.034 167.096 324.24 1 1
66.1339 82.4331 139.087 1 1
66.2338 109.32 191.104 1 1
66.3337 70.5427 145.866 1 1
66.4336 62.7177 130.109 1 1
66.5335 98.1941 167.032 1 1
66.6334 98.2607 161.704 1 1
66.7333 74.3073 135.75 1 1
66.8332 75.7999 135.475 1 1
66.9331 26.6761 65.8547 1 1
67.033 69.016 125.294 1 1
67.1329 171.837 361.608 1 1
67.2328 100.881 169.394 1 1
67.3327 144.81 251.251 1 1
67.4326 154.64 316.927 1 1
67.5325 136.065 261.731 1 1
67.6324 88.8756 149.731 1 1
67.7323 200.125 396.977 1 1
67.8322 69.5784 118.483 1 1
67.9321 63.9171 177.673 1 1
68.032 555.107 904.868 1 1
68.1319 83.0248 132.65 1 1
68.2318 79.5216 131.09 1 1
68.3317 110.773 194.968 1 1
68.4316 88.3788 189.445 1 1
68.5315 80.7692 129.038 1 1
68.6314 200.931 315.235 1 1
68.7313 72.805 119.007 1 1
68.8312 208.09 382.138 1 1
68.9311 127.435 260.024 1 1
69.031 94.7901 220.095 1 1
69.1309 88.3093 139.273 1 1
69.2308 749.679 1259.5 1 1
69.3307 104.051 166.522 1 1
69.4306 45.7512 94.8158 1 1
69.5305 90.5652 178.045 1 1
69.6304 45.9821 91.2212 1 1
69.7303 458.267 779.903 1 1
69.8302 212.908 378.101 1 1
69.9301 54.4766 102.218 1 1
70.03 66.4948 139.56 1 1
70.1299 58.6413 100.859 1 1
70.2298 128.106 242.085 1 1
70.3297 44.7157 87.3514 1 1
70.4296 224.264 388.793 1 1
70.5295 89.1546 147.883 1 1
70.6294 51.1214 118.899 1 1
70.7293 69.9926 125.714 1 1
70.8292 282.134 494.826 1 1
70.9291 61.107 116.025 1 1
71.029 64.8658 114.287 1 1
71.1289 90.1278 160.153 1 1
71.2288 550.44 980.65 1 1
71.3287 149.933 325.735 1 1
71.4286 88.481 160.092 1 1
71.5285 187.733 330.904 1 1
71.6284 185.798 390.081 1 1
71.7283 98.7317 182.462 1 1
71.8282 55.8788 111.796 1 1
71.9281 60.5829 117.052 1 1
72.028 202.727 362.275 1 1
72.1279 208.853 357.705 1 1
72.2278 52.6888 92.1409 1 1
72.3277 75.1057 137.279 1 1
72.4276 77.0227 138.157 1 1
72.5275 66.9125 129.791 1 1
72.6274 88.9752 180.804 1 1
72.7273 64.7914 118.937 1 1
72.8272 109.125 210.03 1 1
72.9271 109.78 213.869 1 1
73.027 59.9304 110.197 1 1
73.1269 48.0288 89.1382 1 1
73.2268 423.141 799.518 1 1
73.3267 82.6398 156.265 1 1
73.4266 72.4725 133.064 1 1
73.5265 89.2715 164.675 1 1
73.6264 82.081 151.827 1 1
73.7263 81.6858 152.301 1 1
73.8262 91.8338 171.07 1 1
73.9261 119.633 224.114 1 1
74.026 100.211 187.09 1 1
74.1259 56.3705 107.61 1 1
74.2258 54.0856 99.6082 1 1
74.3257 95.6474 183.478 1 1
74.4256 140.748 264.989 1 1
74.5255 219.644 414.114 1 1
74.6254 98.0448 178.929 1 1
74.7253 184.753 346.334 1 1
74.8252 82.8068 155.036 1 1
74.9251 138.833 247.289 1 1
75.025 92.8123 183.496 1 1
75.1249 72.1576 143.041 1 1
75.2248 117.788 222.803 1 1
75.3247 84.4804 152.654 1 1
75.4246 104.855 196.882 1 1
75.5245 38.5393 85.9627 1 1
75.6244 95.8107 164.421 1 1
75.7243 77.684 144.28 1 1
75.8242 77.1791 154.405 1 1
75.9241 104.137 194.416 1 1
76.024 299.539 544.953 1 1
76.1239 79.7584 149.384 1 1
76.2238 29.7696 81.3815 1 1
76.3237 71.342 133.932 1 1
76.4236 80.4433 136.192 1 1
76.5235 97.0432 186.548 1 1
76.6234 199.963 350.494 1 1
76.7233 38.9436 75.6506 1 1
76.8232 161.664 279.247 1 1
76.9231 75.2712 127.908 1 1
77.023 39.4454 73.4496 1 1
77.1229 68.9027 114.96 1 1
77.2228 74.3083 155.144 1 1
77.3227 49.428 114.229 1 1
77.4226 31.6839 67.283 1 1
77.5225 47.1016 82.7549 1 1
77.6224 58.9236 105.073 1 1
77.7223 66.4198 105.491 1 1
77.8222 36.4311 65.4519 1 1
77.9221 27.6608 51.1889 1 1
78.022 35.8375 61.9748 1 1
78.1219 194.613 309.999 1 1
78.2218 96.3669 164.363 1 1
78.3217 38.808 61.5781 1 1
78.4216 53.2398 84.4321 1 1
78.5215 71.518 123.214 1 1
78.6214 43.2895 86.5641 1 1
78.7213 58.5671 104.447 1 1
78.8212 45.3595 86.3699 1 1
78.9211 37.2491 93.427 1 1
79.021 44.5821 77.5363 1 1
79.1209 39.4081 66.65 1 1
79.2208 228.687 399.686 1 1
79.3207 74.1053 126.086 1 1
79.4206 51.9268 118.981 1 1
79.5205 70.4783 123.674 1 1
79.6204 55.5915 122.747 1 1
79.7203 95.0827 201.009 1 1
79.8202 225.277 398.391 1 1
79.9201 122.954 213.698 1 1
80.02 94.5825 192.945 1 1
80.1199 75.8148 149.833 1 1
80.2198 73.7322 132.596 1 1
80.3197 90.693 160.707 1 1
80.4196 89.9142 149.113 1 1
80.5195 205.077 536.973 1 1
80.6194 179.586 370.33 1 1
80.7193 134.134 241.112 1 1
80.8192 85.9806 268.042 1 1
80.9191 89.3774 161.663 1 1
81.019 170.233 313.191 1 1
81.1189 92.0452 176.556 1 1
81.2188 133.282 240.461 1 1
81.3187 93.0989 167.95 1 1
81.4186 60.8255 100.593 1 1
81.5185 152.746 305.75 1 1
81.6184 517.814 889.84 1 1
81.7183 121.166 226.094 1 1
81.8182 114.445 214.192 1 1
81.9181 50.4212 111.035 1 1
82.018 253.391 433.612 1 1
82.1179 826.33 1323.63 1 1
82.2178 60.2061 109.976 1 1
82.3177 102.683 197.213 1 1
82.4176 61.9438 125.547 1 1
82.5175 79.9749 135.582 1 1
82.6174 86.7814 169.299 1 1
82.7173 309.576 595.427 1 1
82.8172 57.5571 107.642 1 1
82.9171 145.646 268.917 1 1
83.017 87.9333 169.692 1 1
83.1169 137.91 260.665 1 1
83.2168 37.7874 69.3946 1 1
83.3167 43.4632 80.5634 1 1
83.4166 81.3671 153.235 1 1
83.5165 76.6954 144.54 1 1
83.6164 81.1004 152.91 1 1
83.7163 56.8401 105.437 1 1
83.8162 37.6159 69.753 1 1
83.9161 55.9965 103.402 1 1
84.016 309.685 587.696 1 1
84.1159 37.4199 71.0528 1 1
84.2158 31.9344 60.5837 1 1
84.3157 18.9279 35.5372 1 1
84.4156 27.4572 51.1291 1 1
84.5155 47.0291 86.0501 1 1
84.6154 50.517 91.4479 1 1
84.7153 47.3465 86.2254 1 1
84.8152 13.8535 25.4356 1 1
84.9151 22.8646 41.8955 1 1
85.015 26.8373 49.4863 1 1
85.1149 42.8428 80.9209 1 1
85.2148 45.0015 86.0061 1 1
85.3147 27.2036 54.7068 1 1
85.4146 40.2741 81.5709 1 1
85.5145 47.9329 92.5985 1 1
85.6144 60.2204 114.104 1 1
85.7143 116.367 190.408 1 1
85.8142 113.182 207.763 1 1
85.9141 30.8229 59.692 1 1
86.014 355.787 703.193 1 1
86.1139 61.6835 112.84 1 1
86.2138 205.755 374.633 1 1
86.3137 89.303 171.8 1 1
86.4136 59.8242 115.605 1 1
86.5135 60.1127 107.009 1 1
86.6134 66.7983 128.382 1 1
86.7133 76.0444 136.924 1 1
86.8132 810.52 1257.04 1 1
86.9131 146.555 268.416 1 1
87.013 512.474 1011.17 1 1
87.1129 133.882 230.276 1 1
87.2128 60.949 114.331 1 1
87.3127 53.8325 103.841 1 1
87.4126 132.047 296.324 1 1
87.5125 57.0524 99.5657 1 1
87.6124 97.5503 177.881 1 1
87.7123 71.337 127.144 1 1
87.8122 54.3121 106.448 1 1
87.9121 175.699 310.825 1 1
88.012 60.4889 130.218 1 1
88.1119 183.681 362.714 1 1
88.2118 64.9447 131.28 1 1
88.3117 57.0065 109.25 1 1
88.4116 108.899 185.04 1 1
88.5115 103.012 170.239 1 1
88.6114 233.557 397.427 1 1
88.7113 67.4897 127.385 1 1
88.8112 47.3877 104.514 1 1
88.9111 123.619 215.706 1 1
89.011 70.1341 147.724 1 1
89.1109 185 326.297 1 1
89.2108 115.214 216.033 1 1
89.3107 59.0295 107.608 1 1
89.4106 86.283 142.95 1 1
89.5105 53.8381 92.6869 1 1
89.6104 231.278 551.929 1 1
89.7103 94.6042 193.695 1 1
89.8102 27.4888 56.2088 1 1
89.9101 140.001 239.046 1 1
90.01 417.104 653.513 1 1
90.1099 59.1442 96.9202 1 1
90.2098 90.8979 173.238 1 1
90.3097 46.9634 89.1597 1 1
90.4096 66.131 122.683 1 1
90.5095 46.0006 80.033 1 1
90.6094 188.897 316.501 1 1
90.7093 106.324 207.094 1 1
90.8092 131.352 237.07 1 1
90.9091 80.1705 143.487 1 1
91.009 99.2092 168.244 1 1
91.1089 35.7435 68.816 1 1
91.2088 45.8647 97.1762 1 1
91.3087 183.477 289.04 1 1
91.4086 158.73 287.075 1 1
91.5085 69.2825 119.274 1 1
91.6084 67.4027 114.93 1 1
91.7083 58.407 108.392 1 1
91.8082 116.551 214.589 1 1
91.9081 129.62 224 1 1
92.008 66.7474 149.641 1 1
92.1079 79.648 144.142 1 1
92.2078 33.2856 60.2063 1 1
92.3077 60.7039 104.995 1 1
92.4076 74.1553 138.565 1 1
92.5075 79.5601 178.366 1 1
92.6074 68.637 113.889 1 1
92.7073 72.2185 127.459 1 1
92.8072 356.259 638.78 1 1
92.9071 67.6885 123.145 1 1
93.007 146.951 283.082 1 1
93.1069 122.051 231.191 1 1
93.2068 52.1808 99.2363 1 1
93.3067 129.752 259.872 1 1
93.4066 114.467 206.354 1 1
93.5065 72.0186 133.091 1 1
93.6064 116.307 225.189 1 1
93.7063 56.1612 104.267 1 1
93.8062 46.0319 84.9636 1 1
93.9061 227.576 417.798 1 1
94.006 274.206 517.666 1 1
94.1059 70.4225 133.548 1 1
94.2058 229.683 428.683 1 1
94.3057 151.266 280.973 1 1
94.4056 96.8965 177.902 1 1
94.5055 141.015 266.64 1 1
94.6054 57.9912 108.801 1 1
94.7053 298.897 556.428 1 1
94.8052 319.732 597.792 1 1
94.9051 138.72 260.825 1 1
95.005 92.3454 170.705 1 1
95.1049 98.4484 183.578 1 1
95.2048 99.0591 187.815 1 1
95.3047 151.7 282.359 1 1
95.4046 75.6649 141.653 1 1
95.5045 76.4226 148.024 1 1
95.6044 88.6706 164.505 1 1
95.7043 125.271 219.365 1 1
95.8042 152.121 275.742 1 1
95.9041 138.655 254.167 1 1
96.004 193.997 333.784 1 1
96.1039 98.2473 191.728 1 1
96.2038 75.8359 140.051 1 1
96.3037 89.2606 164.475 1 1
96.4036 152.757 338.828 1 1
96.5035 105.66 202.947 1 1
96.6034 180.296 334.596 1 1
96.7033 186.863 391.68 1 1
96.8032 233.439 458.034 1 1
96.9031 112.067 199.975 1 1
97.003 105.282 174.256 1 1
97.1029 159.944 284.027 1 1
97.2028 91.4901 162.196 1 1
97.3027 51.7935 106.827 1 1
97.4026 80.9667 160.609 1 1
97.5025 117.175 208.585 1 1
97.6024 80.1178 146.56 1 1
97.7023 123.877 211.747 1 1
97.8022 178.924 304.456 1 1
97.9021 118.339 210.483 1 1
98.002 174.243 359.918 1 1
98.1019 95.594 202.664 1 1
98.2018 77.0633 130.822 1 1
98.3017 144.539 257.823 1 1
98.4016 245.899 409.195 1 1
98.5015 107.322 198.384 1 1
98.6014 76.0284 180.526 1 1
98.7013 77.35 145.708 1 1
98.8012 132.671 213.7 1 1
98.9011 226.159 421.451 1 1
99.001 290.475 467.293 1 1
99.1009 80.9912 139.236 1 1
99.2008 199.112 350.906 1 1
99.3007 154.078 244.033 1 1
99.4006 483.877 847.338 1 1
99.5005 40.0343 97.4862 1 1
99.6004 624.477 1446.14 1 1
99.7003 155.279 296.578 1 1
99.8002 148.558 282.6 1 1
99.9001 80.7952 156.578 1 1
100 333.941 704.101 1 1
