# Generated from ../data/13JUL2013/000.dat
time T_rw T_rw_desired T_s T_s_desired
20 0 0 0 0
20.02 0 0 0 0
20.04 0 0 0 0
20.06 0 0 0 0
20.08 0 0 0 0
20.1 0 0 0 0
20.12 0 0 0 0
20.14 0 0 0 0
20.16 0 0 0 0
20.18 0 0 0 0
20.2 0 0 0 0
20.22 0 0 0 0
20.24 0 0 0 0
20.26 0 0 0 0
20.28 0 0 0 0
20.3 0 0 0 0
20.32 0 0 0 0
20.34 0 0 0 0
20.36 0 0 0 0
20.38 0 0 0 0
20.4 0 0 0 0
20.42 0 0 0 0
20.44 0 0 0 0
20.46 0 0 0 0
20.48 0 0 0 0
20.5 0 0 0 0
20.52 0 0 0 0
20.54 0 0 0 0
20.56 0 0 0 0
20.58 0 0 0 0
20.6 0 0 0 0
20.62 0 0 0 0
20.64 0 0 0 0
20.66 0 0 0 0
20.68 0 0 0 0
20.7 0 0 0 0
20.72 0 0 0 0
20.74 0 0 0 0
20.76 0 0 0 0
20.78 0 0 0 0
20.8 0 0 0 0
20.82 0 0 0 0
20.84 0 0 0 0
20.86 0 0 0 0
20.88 -159.72 -297.708 0 0
20.9 -159.72 -297.708 0 0
20.92 -159.72 -297.708 0 0
20.94 -159.72 -295.47 0 0
20.96 -159.72 -291.87 0 0
20.98 -159.72 -288.594 0 0
21 -159.72 -283.995 0 0
21.02 -159.72 -277.684 0 0
21.04 -159.72 -274.766 0 0
21.06 -159.72 -271.524 0 0
21.08 -159.72 -266.419 0 0
21.1 -159.72 -260.996 0 0
21.12 -159.72 -258.049 0 0
21.14 -159.72 -254.231 0 0
21.16 -159.72 -249.671 0 0
21.18 -159.72 -246.307 0 0
21.2 -159.72 -242.722 0 0
21.22 -159.72 -238.411 0 0
21.24 -159.72 -233.338 0 0
21.26 -159.72 -227.409 0 0
21.28 -159.72 -224.458 0 0
21.3 -159.72 -220.5 0 0
21.32 -159.72 -216.416 0 0
21.34 -159.72 -212.671 0 0
21.36 -159.72 -208.272 0 0
21.38 -159.72 -201.826 0 0
21.4 -159.72 -198.216 0 0
21.42 -159.72 -193.055 0 0
21.44 -159.72 -190.321 0 0
21.46 -159.72 -186.424 0 0
21.48 -159.72 -181.532 0 0
21.5 -159.72 -176.636 0 0
21.52 -159.72 -171.912 0 0
21.54 -159.72 -167.988 0 0
21.56 -159.72 -160.785 0 0
21.58 -158.566 -158.566 0 0
21.6 -154.466 -154.466 0 0
21.62 -148.831 -148.831 0 0
21.64 -143.231 -143.231 0 0
21.66 -139.925 -139.925 0 0
21.68 -132.915 -132.915 1.22418 1.22418
21.7 -129.678 -129.678 0.984034 0.984034
21.72 -124.125 -124.125 0.576961 0.576961
21.74 -122.188 -122.188 0.605623 0.605623
21.76 -119.172 -119.172 0.889734 0.889734
21.78 -116.292 -116.292 0.425767 0.425767
21.8 -112.335 -112.335 0.106703 0.106703
21.82 -109.348 -109.348 0.483188 0.483188
21.84 -107.223 -107.223 0.218658 0.218658
21.86 -103.886 -103.886 -0.0452405 -0.0452405
21.88 -101.072 -101.072 0.16793 0.16793
21.9 -97.4625 -97.4625 0.110541 0.110541
21.92 -96.1018 -96.1018 -0.0821659 -0.0821659
21.94 -92.6037 -92.6037 -0.0956299 -0.0956299
21.96 -89.176 -89.176 0.0550452 0.0550452
21.98 -87.3509 -87.3509 -0.175035 -0.175035
22 -83.53 -83.53 -0.0976865 -0.0976865
22.02 -80.5773 -80.5773 0.079478 0.079478
22.04 -79.9146 -79.9146 -0.243605 -0.243605
22.06 -76.2359 -76.2359 -0.441815 -0.441815
22.08 -74.6613 -74.6613 -0.275616 -0.275616
22.1 -72.6967 -72.6967 0.088438 0.088438
22.12 -69.8902 -69.8902 -0.0864587 -0.0864587
22.14 -67.6706 -67.6706 -0.255705 -0.255705
22.16 -67.0545 -67.0545 -0.198587 -0.198587
22.18 -63.5704 -63.5704 -0.0950318 -0.0950318
22.2 -59.8197 -59.8197 -0.0267831 -0.0267831
22.22 -58.9293 -58.9293 -0.145066 -0.145066
22.24 -56.6404 -56.6404 -0.268301 -0.268301
22.26 -55.0797 -55.0797 -0.125381 -0.125381
22.28 -53.5656 -53.5656 -0.0513922 -0.0513922
22.3 -52.6969 -52.6969 -0.00378741 -0.00378741
22.32 -51.0208 -51.0208 -0.13618 -0.13618
22.34 -50.0407 -50.0407 -0.0285222 -0.0285222
22.36 -49.0648 -49.0648 -0.153021 -0.153021
22.38 -47.2651 -47.2651 -0.10442 -0.10442
22.4 -46.0326 -46.0326 -0.0294808 -0.0294808
22.42 -44.6098 -44.6098 -0.157142 -0.157142
22.44 -43.0589 -43.0589 -0.192859 -0.192859
22.46 -40.8795 -40.8795 -0.052595 -0.052595
22.48 -39.7227 -39.7227 -0.0891539 -0.0891539
22.5 -40.4185 -40.4185 -0.128129 -0.128129
22.52 -37.0245 -37.0245 0.000215054 0.000215054
22.54 -37.214 -37.214 0.0145845 0.0145845
22.56 -37.3061 -37.3061 -0.0601014 -0.0601014
22.58 -35.239 -35.239 0.0240944 0.0240944
22.6 -34.6797 -34.6797 0.000264943 0.000264943
22.62 -34.1518 -34.1518 -0.0535471 -0.0535471
22.64 -32.4764 -32.4764 -0.0272164 -0.0272164
22.66 -32.4766 -32.4766 0.18013 0.18013
22.68 -30.9315 -30.9315 0.119602 0.119602
22.7 -30.8502 -30.8502 -0.0642691 -0.0642691
22.72 -28.2185 -28.2185 0.132073 0.132073
22.74 -27.4993 -27.4993 0.113423 0.113423
22.76 -26.5938 -26.5938 -0.0582945 -0.0582945
22.78 -25.9671 -25.9671 -0.0189856 -0.0189856
22.8 -25.2792 -25.2792 0.217071 0.217071
22.82 -23.5576 -23.5576 0.029601 0.029601
22.84 -22.8587 -22.8587 0.0405125 0.0405125
22.86 -22.6648 -22.6648 0.337494 0.337494
22.88 -21.9065 -21.9065 0.0728173 0.0728173
22.9 -21.6957 -21.6957 -0.0914847 -0.0914847
22.92 -21.1243 -21.1243 0.232794 0.232794
22.94 -20.9661 -20.9661 0.146543 0.146543
22.96 -20.2176 -20.2176 -0.0484239 -0.0484239
22.98 -18.6179 -18.6179 0.193505 0.193505
23 -18.3278 -18.3278 0.188054 0.188054
23.02 -18.8155 -18.8155 -0.0482528 -0.0482528
23.04 -18.9554 -18.9554 0.210639 0.210639
23.06 -19.9615 -19.9615 0.195201 0.195201
23.08 -19.2649 -19.2649 0.0109151 0.0109151
23.1 -18.0078 -18.0078 0.131603 0.131603
23.12 -18.0311 -18.0311 0.325692 0.325692
23.14 -17.665 -17.665 0.0485261 0.0485261
23.16 -17.5641 -17.5641 0.113935 0.113935
23.18 -17.1628 -17.1628 0.402934 0.402934
23.2 -15.1893 -15.1893 0.177592 0.177592
23.22 -15.9494 -15.9494 -0.0431494 -0.0431494
23.24 -15.1831 -15.1831 0.212533 0.212533
23.26 -13.3908 -13.3908 0.0616523 0.0616523
23.28 -13.403 -13.403 -0.0317818 -0.0317818
23.3 -14.2976 -14.2976 0.270797 0.270797
23.32 -13.6615 -13.6615 0.212457 0.212457
23.34 -15.3468 -15.3468 0.081005 0.081005
23.36 -14.8844 -14.8844 0.169269 0.169269
23.38 -14.2072 -14.2072 0.231789 0.231789
23.4 -14.865 -14.865 0.13955 0.13955
23.42 -15.737 -15.737 0.10443 0.10443
23.44 -13.4054 -13.4054 0.0666129 0.0666129
23.46 -13.7983 -13.7983 0.0216339 0.0216339
23.48 -14.0505 -14.0505 0.148664 0.148664
23.5 -14.3153 -14.3153 0.114796 0.114796
23.52 -15.731 -15.731 0.094727 0.094727
23.54 -15.0095 -15.0095 0.147051 0.147051
23.56 -14.7745 -14.7745 0.0883113 0.0883113
23.58 -14.5269 -14.5269 -0.0289655 -0.0289655
23.6 -15.2836 -15.2836 0.053631 0.053631
23.62 -13.1026 -13.1026 0.0954364 0.0954364
23.64 -11.8236 -11.8236 0.0747687 0.0747687
23.66 -13.8607 -13.8607 0.132208 0.132208
23.68 -13.5716 -13.5716 0.060249 0.060249
23.7 -13.4918 -13.4918 0.0400904 0.0400904
23.72 -14.3611 -14.3611 0.256328 0.256328
23.74 -14.4254 -14.4254 0.0367642 0.0367642
23.76 -15.2706 -15.2706 -0.193159 -0.193159
23.78 -14.528 -14.528 0.184571 0.184571
23.8 -12.241 -12.241 0.196092 0.196092
23.82 -13.9943 -13.9943 -0.0430461 -0.0430461
23.84 -15.1554 -15.1554 0.107074 0.107074
23.86 -13.0876 -13.0876 0.288558 0.288558
23.88 -13.3716 -13.3716 -0.011048 -0.011048
23.9 -13.4533 -13.4533 -0.0353334 -0.0353334
23.92 -12.9631 -12.9631 0.186877 0.186877
23.94 -11.1037 -11.1037 0.06675 0.06675
23.96 -12.9773 -12.9773 0.170257 0.170257
23.98 -12.9735 -12.9735 0.188337 0.188337
24 -12.6424 -12.6424 -0.0156246 -0.0156246
24.02 -11.7263 -11.7263 0.122976 0.122976
24.04 -12.7839 -12.7839 0.299134 0.299134
24.06 -12.0789 -12.0789 -0.0429374 -0.0429374
24.08 -10.4903 -10.4903 0.0157317 0.0157317
24.1 -11.7333 -11.7333 0.308768 0.308768
24.12 -11.412 -11.412 0.0830892 0.0830892
24.14 -9.79163 -9.79163 -0.0490044 -0.0490044
24.16 -11.5404 -11.5404 0.138576 0.138576
24.18 -9.83035 -9.83035 0.208595 0.208595
24.2 -9.50794 -9.50794 0.153448 0.153448
24.22 -9.41692 -9.41692 0.191186 0.191186
24.24 -9.76725 -9.76725 0.0488281 0.0488281
24.26 -8.78536 -8.78536 0.175269 0.175269
24.28 -9.21653 -9.21653 0.307345 0.307345
24.3 -9.33911 -9.33911 0.0772926 0.0772926
24.32 -7.84524 -7.84524 0.095032 0.095032
24.34 -9.1147 -9.1147 0.126604 0.126604
24.36 -9.31533 -9.31533 0.128091 0.128091
24.38 -9.88784 -9.88784 0.104241 0.104241
24.4 -11.0666 -11.0666 0.0933669 0.0933669
24.42 -10.4174 -10.4174 0.217518 0.217518
24.44 -10.2021 -10.2021 0.268002 0.268002
24.46 -10.003 -10.003 0.181921 0.181921
24.48 -10.2798 -10.2798 -0.0105549 -0.0105549
24.5 -9.65229 -9.65229 0.180953 0.180953
24.52 -9.47671 -9.47671 0.27803 0.27803
24.54 -10.1351 -10.1351 0.00410435 0.00410435
24.56 -9.61507 -9.61507 -0.0484056 -0.0484056
24.58 -9.4698 -9.4698 0.21754 0.21754
24.6 -10.9611 -10.9611 -0.034766 -0.034766
24.62 -8.16214 -8.16214 -0.152839 -0.152839
24.64 -8.70719 -8.70719 0.0585902 0.0585902
24.66 -9.2185 -9.2185 0.130172 0.130172
24.68 -8.98862 -8.98862 0.00890632 0.00890632
24.7 -8.59321 -8.59321 0.128506 0.128506
24.72 -9.18954 -9.18954 -0.0265249 -0.0265249
24.74 -8.84378 -8.84378 -0.030673 -0.030673
24.76 -8.74708 -8.74708 0.102092 0.102092
24.78 -7.70493 -7.70493 -0.00156766 -0.00156766
24.8 -8.39485 -8.39485 -0.065051 -0.065051
24.82 -8.43209 -8.43209 0.0926029 0.0926029
24.84 -8.63546 -8.63546 0.0307384 0.0307384
24.86 -9.20858 -9.20858 -0.075629 -0.075629
24.88 -7.83999 -7.83999 0.0584818 0.0584818
24.9 -6.53175 -6.53175 0.00891188 0.00891188
24.92 -8.07027 -8.07027 0.0883194 0.0883194
24.94 -7.83168 -7.83168 0.11728 0.11728
24.96 -3.62125 -3.62125 -0.0461423 -0.0461423
24.98 -6.52077 -6.52077 0.0101554 0.0101554
25 -3.95978 -3.95978 0.127317 0.127317
25.02 -4.37943 -4.37943 -0.0523429 -0.0523429
25.04 -2.80888 -2.80888 -0.0704114 -0.0704114
25.06 -4.76273 -4.76273 0.242699 0.242699
25.08 -4.44884 -4.44884 0.119681 0.119681
25.1 -3.53644 -3.53644 -0.0183605 -0.0183605
25.12 -2.73126 -2.73126 0.0979218 0.0979218
25.14 -2.83653 -2.83653 0.0175173 0.0175173
25.16 -1.6447 -1.6447 -0.0618268 -0.0618268
25.18 -0.602388 -0.602388 0.123979 0.123979
25.2 -2.23692 -2.23692 0.00201368 0.00201368
25.22 -1.47601 -1.47601 0.0619882 0.0619882
25.24 -0.886443 -0.886443 0.176905 0.176905
25.26 -1.4707 -1.4707 0.0223891 0.0223891
25.28 -2.15027 -2.15027 0.0104606 0.0104606
25.3 -1.45194 -1.45194 0.0881142 0.0881142
25.32 -3.49309 -3.49309 0.220031 0.220031
25.34 -1.67241 -1.67241 0.129019 0.129019
25.36 0.213477 0.213477 0.0575054 0.0575054
25.38 3.71453 3.71453 0.124012 0.124012
25.4 3.01209 3.01209 0.143507 0.143507
25.42 2.97283 2.97283 -0.0722075 -0.0722075
25.44 5.20013 5.20013 -0.100327 -0.100327
25.46 3.43243 3.43243 0.197644 0.197644
25.48 2.38643 2.38643 0.153477 0.153477
25.5 2.799 2.799 -0.0287216 -0.0287216
25.52 2.91569 2.91569 0.042867 0.042867
25.54 2.24244 2.24244 0.174221 0.174221
25.56 2.75992 2.75992 0.00923973 0.00923973
25.58 2.90624 2.90624 0.12362 0.12362
25.6 2.2411 2.2411 0.137033 0.137033
25.62 2.76108 2.76108 0.0335056 0.0335056
25.64 2.90807 2.90807 0.0158202 0.0158202
25.66 0.712205 0.712205 0.0623904 0.0623904
25.68 2.48988 2.48988 -0.0226651 -0.0226651
25.7 3.34808 3.34808 -0.0263685 -0.0263685
25.72 3.07545 3.07545 0.0655861 0.0655861
25.74 2.99923 2.99923 0.0185366 0.0185366
25.76 4.19985 4.19985 -0.02084 -0.02084
25.78 3.31732 3.31732 0.0894725 0.0894725
25.8 3.58414 3.58414 0.133745 0.133745
25.82 4.67628 4.67628 -0.0648034 -0.0648034
25.84 4.89206 4.89206 -0.0698741 -0.0698741
25.86 5.753 5.753 0.272604 0.272604
25.88 3.97558 3.97558 0.049045 0.049045
25.9 3.77345 3.77345 -0.231628 -0.231628
25.92 0.449629 0.449629 0.185201 0.185201
25.94 1.53441 1.53441 0.296968 0.296968
25.96 -0.180559 -0.180559 -0.00560994 -0.00560994
25.98 -0.880521 -0.880521 0.0790471 0.0790471
26 0.143876 0.143876 0.250054 0.250054
26.02 0.101106 0.101106 0.0432272 0.0432272
26.04 -0.800665 -0.800665 -0.0167442 -0.0167442
26.06 1.3652 1.3652 0.0848031 0.0848031
26.08 -0.228785 -0.228785 0.143435 0.143435
26.1 -0.188057 -0.188057 0.29355 0.29355
26.12 -0.368233 -0.368233 0.170241 0.170241
26.14 -0.933727 -0.933727 0.0300951 0.0300951
26.16 -1.46657 -1.46657 0.331698 0.331698
26.18 -0.866393 -0.866393 0.216775 0.216775
26.2 -1.58724 -1.58724 -0.0851805 -0.0851805
26.22 -0.0540069 -0.0540069 -0.00746563 -0.00746563
26.24 0.687645 0.687645 0.33339 0.33339
26.26 -0.7925 -0.7925 0.324982 0.324982
26.28 -1.05132 -1.05132 0.0378777 0.0378777
26.3 -2.65538 -2.65538 0.120934 0.120934
26.32 -2.30812 -2.30812 0.356612 0.356612
26.34 -2.7002 -2.7002 0.348653 0.348653
26.36 -3.18607 -3.18607 0.0921209 0.0921209
26.38 -3.32336 -3.32336 0.144452 0.144452
26.4 -2.28063 -2.28063 0.30407 0.30407
26.42 -4.22491 -4.22491 0.330206 0.330206
26.44 -3.08378 -3.08378 0.168451 0.168451
26.46 -2.92071 -2.92071 0.116539 0.116539
26.48 -4.78133 -4.78133 0.227698 0.227698
26.5 -4.77275 -4.77275 0.306125 0.306125
26.52 -5.14592 -5.14592 0.216203 0.216203
26.54 -6.78104 -6.78104 0.037668 0.037668
26.56 -4.022 -4.022 0.350542 0.350542
26.58 -4.71745 -4.71745 0.403449 0.403449
26.6 -3.59971 -3.59971 0.0708368 0.0708368
26.62 -3.0688 -3.0688 0.0218187 0.0218187
26.64 -2.58914 -2.58914 0.315718 0.315718
26.66 -4.317 -4.317 0.146943 0.146943
26.68 -3.49003 -3.49003 -0.0252681 -0.0252681
26.7 -4.94675 -4.94675 0.213089 0.213089
26.72 -3.66841 -3.66841 0.164635 0.164635
26.74 -4.998 -4.998 0.0897113 0.0897113
26.76 -3.68386 -3.68386 0.132768 0.132768
26.78 -5.71003 -5.71003 0.192139 0.192139
26.8 -3.88555 -3.88555 0.119685 0.119685
26.82 -5.06129 -5.06129 0.0910356 0.0910356
26.84 -5.23496 -5.23496 0.0485479 0.0485479
26.86 -5.28446 -5.28446 0.209605 0.209605
26.88 -2.5463 -2.5463 0.25385 0.25385
26.9 -4.68601 -4.68601 0.0872553 0.0872553
26.92 -2.89332 -2.89332 0.0483175 0.0483175
26.94 -4.0779 -4.0779 0.122758 0.122758
26.96 -2.7228 -2.7228 0.14701 0.14701
26.98 -4.73788 -4.73788 0.131365 0.131365
27 -4.44061 -4.44061 0.176662 0.176662
27.02 -5.06408 -5.06408 0.166038 0.166038
27.04 -3.00241 -3.00241 0.256668 0.256668
27.06 -5.5246 -5.5246 0.224447 0.224447
27.08 -3.13287 -3.13287 0.0705706 0.0705706
27.1 -4.14901 -4.14901 0.140426 0.140426
27.12 -4.27758 -4.27758 0.229438 0.229438
27.14 -5.72762 -5.72762 0.108175 0.108175
27.16 -4.91514 -4.91514 0.189994 0.189994
27.18 -6.42319 -6.42319 0.373098 0.373098
27.2 -5.62719 -5.62719 0.139725 0.139725
27.22 -5.91848 -5.91848 0.146026 0.146026
27.24 -5.48635 -5.48635 0.207772 0.207772
27.26 -5.74036 -5.74036 0.0570435 0.0570435
27.28 -4.54747 -4.54747 0.241854 0.241854
27.3 -5.47695 -5.47695 0.300066 0.300066
27.32 -6.89543 -6.89543 0.0503735 0.0503735
27.34 -4.07535 -4.07535 0.30622 0.30622
27.36 -6.6599 -6.6599 0.31075 0.31075
27.38 -5.91644 -5.91644 0.110664 0.110664
27.4 -6.19737 -6.19737 0.141412 0.141412
27.42 -5.5705 -5.5705 0.349736 0.349736
27.44 -6.61609 -6.61609 0.242738 0.242738
27.46 -8.11106 -8.11106 0.0989167 0.0989167
27.48 -8.37499 -8.37499 0.196815 0.196815
27.5 -8.64217 -8.64217 0.287979 0.287979
27.52 -8.71837 -8.71837 0.190057 0.190057
27.54 -7.72432 -7.72432 -0.032672 -0.032672
27.56 -8.053 -8.053 -0.066246 -0.066246
27.58 -8.36351 -8.36351 0.32223 0.32223
27.6 -7.93708 -7.93708 0.299103 0.299103
27.62 -6.99342 -6.99342 -0.0834971 -0.0834971
27.64 -8.5574 -8.5574 0.19965 0.19965
27.66 -6.08814 -6.08814 0.32391 0.32391
27.68 -6.06618 -6.06618 -0.07123 -0.07123
27.7 -6.06072 -6.06072 -0.0347558 -0.0347558
27.72 -5.92017 -5.92017 0.28253 0.28253
27.74 -7.03727 -7.03727 0.248755 0.248755
27.76 -6.03858 -6.03858 -0.00290528 -0.00290528
27.78 -7.07206 -7.07206 -0.0167315 -0.0167315
27.8 -6.38136 -6.38136 0.0346017 0.0346017
27.82 -6.3456 -6.3456 0.102524 0.102524
27.84 -5.62956 -5.62956 -0.0230802 -0.0230802
27.86 -6.65003 -6.65003 -0.0633859 -0.0633859
27.88 -6.23158 -6.23158 -0.0454323 -0.0454323
27.9 -5.59958 -5.59958 0.0299792 0.0299792
27.92 -7.32851 -7.32851 0.00950393 0.00950393
27.94 -7.65821 -7.65821 -0.0514335 -0.0514335
27.96 -8.08345 -8.08345 -0.0692095 -0.0692095
27.98 -8.2041 -8.2041 0.075787 0.075787
28 -7.22237 -7.22237 -0.00401215 -0.00401215
28.02 -6.39839 -6.39839 -0.159621 -0.159621
28.04 -6.54216 -6.54216 0.0372601 0.0372601
28.06 -5.69353 -5.69353 0.0997757 0.0997757
28.08 -5.83018 -5.83018 -0.0353375 -0.0353375
28.1 -7.0254 -7.0254 -0.0705697 -0.0705697
28.12 -4.14246 -4.14246 0.1136 0.1136
28.14 -6.70927 -6.70927 0.119489 0.119489
28.16 -5.58567 -5.58567 -0.0881339 -0.0881339
28.18 -6.13453 -6.13453 0.0283349 0.0283349
28.2 -5.58316 -5.58316 0.0810625 0.0810625
28.22 -6.64999 -6.64999 -0.0255667 -0.0255667
28.24 -6.24463 -6.24463 0.125498 0.125498
28.26 -8.03744 -8.03744 0.00304376 0.00304376
28.28 -8.57714 -8.57714 -0.0989218 -0.0989218
28.3 -8.73016 -8.73016 0.218119 0.218119
28.32 -8.91395 -8.91395 -0.031561 -0.031561
28.34 -7.43561 -7.43561 -0.166873 -0.166873
28.36 -6.84659 -6.84659 0.176482 0.176482
28.38 -7.69922 -7.69922 0.193252 0.193252
28.4 -8.48911 -8.48911 -0.205669 -0.205669
28.42 -8.85231 -8.85231 -0.0748211 -0.0748211
28.44 -8.95558 -8.95558 0.210296 0.210296
28.46 -9.36081 -9.36081 0.0813646 0.0813646
28.48 -9.47444 -9.47444 -0.0325242 -0.0325242
28.5 -9.50756 -9.50756 0.0957069 0.0957069
28.52 -9.51804 -9.51804 0.18443 0.18443
28.54 -9.52215 -9.52215 0.105951 0.105951
28.56 -9.52443 -9.52443 0.0294165 0.0294165
28.58 -9.90135 -9.90135 0.127865 0.127865
28.6 -9.63366 -9.63366 0.137949 0.137949
28.62 -10.2661 -10.2661 0.00736211 0.00736211
28.64 -10.1139 -10.1139 -0.155378 -0.155378
28.66 -10.0724 -10.0724 0.125179 0.125179
28.68 -10.3935 -10.3935 0.205333 0.205333
28.7 -10.6685 -10.6685 0.0376985 0.0376985
28.72 -10.9392 -10.9392 0.0700731 0.0700731
28.74 -10.6418 -10.6418 0.214669 0.214669
28.76 -10.7426 -10.7426 0.0806959 0.0806959
28.78 -10.9642 -10.9642 -0.0442869 -0.0442869
28.8 -10.6529 -10.6529 0.135308 0.135308
28.82 -11.7661 -11.7661 0.0278116 0.0278116
28.84 -11.0975 -11.0975 -0.0181849 -0.0181849
28.86 -11.2078 -11.2078 0.0794652 0.0794652
28.88 -11.925 -11.925 0.00173967 0.00173967
28.9 -11.1459 -11.1459 0.161336 0.161336
28.92 -12.0502 -12.0502 0.0300257 0.0300257
28.94 -12.0099 -12.0099 0.0245916 0.0245916
28.96 -10.8006 -10.8006 0.0430595 0.0430595
28.98 -11.9586 -11.9586 0.0239003 0.0239003
29 -11.9884 -11.9884 0.212339 0.212339
29.02 -10.6069 -10.6069 0.159566 0.159566
29.04 -12.2833 -12.2833 -0.112633 -0.112633
29.06 -12.0842 -12.0842 0.047179 0.047179
29.08 -10.6381 -10.6381 0.266273 0.266273
29.1 -12.2964 -12.2964 0.0575535 0.0575535
29.12 -10.1858 -10.1858 -0.0343455 -0.0343455
29.14 -10.2655 -10.2655 0.234467 0.234467
29.16 -11.8203 -11.8203 0.198963 0.198963
29.18 -10.0556 -10.0556 0.0238007 0.0238007
29.2 -10.2326 -10.2326 0.252554 0.252554
29.22 -11.8149 -11.8149 0.221386 0.221386
29.24 -10.0579 -10.0579 0.0220421 0.0220421
29.26 -9.72226 -9.72226 0.107999 0.107999
29.28 -10.1437 -10.1437 0.234228 0.234228
29.3 -9.74897 -9.74897 0.0439019 0.0439019
29.32 -9.63881 -9.63881 0.261176 0.261176
29.34 -10.3156 -10.3156 0.391881 0.391881
29.36 -10.176 -10.176 0.0725296 0.0725296
29.38 -9.76279 -9.76279 0.227086 0.227086
29.4 -9.64748 -9.64748 0.413689 0.413689
29.42 -9.61621 -9.61621 0.0692839 0.0692839
29.44 -7.56255 -7.56255 0.0753408 0.0753408
29.46 -7.28279 -7.28279 0.427381 0.427381
29.48 -8.40441 -8.40441 0.219076 0.219076
29.5 -8.5633 -8.5633 0.168734 0.168734
29.52 -8.42571 -8.42571 0.315242 0.315242
29.54 -9.27783 -9.27783 0.219065 0.219065
29.56 -7.61269 -7.61269 0.253143 0.253143
29.58 -8.12706 -8.12706 0.349455 0.349455
29.6 -8.48986 -8.48986 0.36143 0.36143
29.62 -8.78488 -8.78488 0.256579 0.256579
29.64 -8.49385 -8.49385 0.35783 0.35783
29.66 -8.92758 -8.92758 0.273229 0.273229
29.68 -8.34406 -8.34406 0.169893 0.169893
29.7 -7.02455 -7.02455 0.188032 0.188032
29.72 -8.5348 -8.5348 0.160154 0.160154
29.74 -8.8031 -8.8031 0.227568 0.227568
29.76 -9.01993 -9.01993 0.298131 0.298131
29.78 -6.8436 -6.8436 0.286603 0.286603
29.8 -7.4713 -7.4713 0.313393 0.313393
29.82 -7.95866 -7.95866 0.328896 0.328896
29.84 -7.93871 -7.93871 0.332946 0.332946
29.86 -8.26524 -8.26524 0.29363 0.29363
29.88 -6.82723 -6.82723 0.183155 0.183155
29.9 -7.09583 -7.09583 0.169198 0.169198
29.92 -6.46563 -6.46563 0.189481 0.189481
29.94 -6.66401 -6.66401 0.210844 0.210844
29.96 -7.737 -7.737 0.0823156 0.0823156
29.98 -7.882 -7.882 0.129381 0.129381
30 -8.2553 -8.2553 0.113787 0.113787
