# Generated from ../data/13JUL2013/000.dat
time steer_rate steer_rate_est
20 7.45058e-09 0
20.005 7.45058e-09 0
20.01 7.45058e-09 0
20.015 7.45058e-09 0
20.02 7.45058e-09 0
20.025 7.45058e-09 0
20.03 7.45058e-09 0
20.035 7.45058e-09 0
20.04 7.45058e-09 0
20.045 7.45058e-09 0
20.05 7.45058e-09 0
20.055 7.45058e-09 0
20.06 7.45058e-09 0
20.065 7.45058e-09 0
20.07 7.45058e-09 0
20.075 7.45058e-09 0
20.08 7.45058e-09 0
20.085 7.45058e-09 0
20.09 7.45058e-09 0
20.095 7.45058e-09 0
20.1 7.45058e-09 0
20.105 7.45058e-09 0
20.11 7.45058e-09 0
20.115 7.45058e-09 0
20.12 7.45058e-09 0
20.125 7.45058e-09 0
20.13 7.45058e-09 0
20.135 7.45058e-09 0
20.14 7.45058e-09 0
20.145 7.45058e-09 0
20.15 7.45058e-09 0
20.155 7.45058e-09 0
20.16 7.45058e-09 0
20.165 7.45058e-09 0
20.17 7.45058e-09 0
20.175 7.45058e-09 0
20.18 7.45058e-09 0
20.185 7.45058e-09 0
20.19 7.45058e-09 0
20.195 7.45058e-09 0
20.2 7.45058e-09 0
20.205 7.45058e-09 0
20.21 7.45058e-09 0
20.215 7.45058e-09 0
20.22 7.45058e-09 0
20.225 7.45058e-09 0
20.23 7.45058e-09 0
20.235 7.45058e-09 0
20.24 7.45058e-09 0
20.245 7.45058e-09 0
20.25 7.45058e-09 0
20.255 7.45058e-09 0
20.26 7.45058e-09 0
20.265 7.45058e-09 0
20.27 7.45058e-09 0
20.275 7.45058e-09 0
20.28 7.45058e-09 0
20.285 7.45058e-09 0
20.29 7.45058e-09 0
20.295 7.45058e-09 0
20.3 7.45058e-09 0
20.305 7.45058e-09 0
20.31 7.45058e-09 0
20.315 7.45058e-09 0
20.32 7.45058e-09 0
20.325 7.45058e-09 0
20.33 7.45058e-09 0
20.335 7.45058e-09 0
20.34 7.45058e-09 0
20.345 7.45058e-09 0
20.35 7.45058e-09 0
20.355 7.45058e-09 0
20.36 7.45058e-09 0
20.365 7.45058e-09 0
20.37 7.45058e-09 0
20.375 7.45058e-09 0
20.38 7.45058e-09 0
20.385 7.45058e-09 0
20.39 7.45058e-09 0
20.395 7.45058e-09 0
20.4 7.45058e-09 0
20.405 7.45058e-09 0
20.41 7.45058e-09 0
20.415 7.45058e-09 0
20.42 7.45058e-09 0
20.425 7.45058e-09 0
20.43 7.45058e-09 0
20.435 7.45058e-09 0
20.44 7.45058e-09 0
20.445 7.45058e-09 0
20.45 7.45058e-09 0
20.455 7.45058e-09 0
20.46 7.45058e-09 0
20.465 7.45058e-09 0
20.47 7.45058e-09 0
20.475 7.45058e-09 0
20.48 7.45058e-09 0
20.485 7.45058e-09 0
20.49 7.45058e-09 0
20.495 7.45058e-09 0
20.5 7.45058e-09 0
20.505 7.45058e-09 0
20.51 7.45058e-09 0
20.515 7.45058e-09 0
20.52 7.45058e-09 0
20.525 7.45058e-09 0
20.53 7.45058e-09 0
20.535 7.45058e-09 0
20.54 7.45058e-09 0
20.545 7.45058e-09 0
20.55 7.45058e-09 0
20.555 7.45058e-09 0
20.56 7.45058e-09 0
20.565 7.45058e-09 0
20.57 7.45058e-09 0
20.575 7.45058e-09 0
20.58 7.45058e-09 0
20.585 7.45058e-09 0
20.59 7.45058e-09 0
20.595 7.45058e-09 0
20.6 7.45058e-09 0
20.605 7.45058e-09 0
20.61 7.45058e-09 0
20.615 7.45058e-09 0
20.62 7.45058e-09 0
20.625 7.45058e-09 0
20.63 7.45058e-09 0
20.635 7.45058e-09 0
20.64 7.45058e-09 0
20.645 7.45058e-09 0
20.65 7.45058e-09 0
20.655 7.45058e-09 0
20.66 7.45058e-09 0
20.665 7.45058e-09 0
20.67 7.45058e-09 0
20.675 7.45058e-09 0
20.68 7.45058e-09 0
20.685 7.45058e-09 0
20.69 7.45058e-09 0
20.695 7.45058e-09 0
20.7 7.45058e-09 0
20.705 7.45058e-09 0
20.71 7.45058e-09 0
20.715 7.45058e-09 0
20.72 7.45058e-09 0
20.725 7.45058e-09 0
20.73 7.45058e-09 0
20.735 7.45058e-09 0
20.74 7.45058e-09 0
20.745 7.45058e-09 0
20.75 7.45058e-09 0
20.755 7.45058e-09 0
20.76 7.45058e-09 0
20.765 7.45058e-09 0
20.77 7.45058e-09 0
20.775 7.45058e-09 0
20.78 7.45058e-09 0
20.785 7.45058e-09 0
20.79 7.45058e-09 0
20.795 7.45058e-09 0
20.8 7.45058e-09 0
20.805 7.45058e-09 0
20.81 7.45058e-09 0
20.815 7.45058e-09 0
20.82 7.45058e-09 0
20.825 7.45058e-09 0
20.83 7.45058e-09 0
20.835 7.45058e-09 0
20.84 7.45058e-09 0
20.845 7.45058e-09 0
20.85 7.45058e-09 0
20.855 7.45058e-09 0
20.86 7.45058e-09 0
20.865 7.45058e-09 0
20.87 7.45058e-09 0
20.875 7.45058e-09 0
20.88 7.45058e-09 0
20.885 7.45058e-09 0
20.89 7.45058e-09 0
20.895 0.0170595 0
20.9 0.0124277 0
20.905 0.00905343 0
20.91 -0.0104642 0
20.915 -0.00762304 0
20.92 -0.0226128 0
20.925 -0.0164732 0
20.93 -0.0120005 0
20.935 -0.0258018 0
20.94 -0.0187963 0
20.945 -0.0136929 0
20.95 -0.0270347 0
20.955 -0.0196945 0
20.96 -0.0314067 0
20.965 -0.0228795 0
20.97 -0.033727 0
20.975 -0.0416292 0
20.98 -0.047386 0
20.985 -0.0515797 0
20.99 -0.0546348 0
20.995 -0.0568604 0
21 -0.0584817 0
21.005 -0.0596628 0
21.01 -0.0605232 0
21.015 -0.0440905 0
21.02 -0.049179 0
21.025 -0.0528859 0
21.03 -0.0555863 0
21.035 -0.0575536 0
21.04 -0.0419272 0
21.045 -0.047603 0
21.05 -0.0346783 0
21.055 -0.0423223 0
21.06 -0.0308314 0
21.065 -0.0224603 0
21.07 -0.0334216 0
21.075 -0.0243473 0
21.08 -0.0177368 0
21.085 -0.0129211 0
21.09 -0.00941285 0
21.095 -0.00685719 0
21.1 -0.00499538 0
21.105 -0.00363907 0
21.11 -0.00265104 0
21.115 -0.00193125 0
21.12 -0.00140691 0
21.125 -0.00102493 0
21.13 -0.000746667 0
21.135 -0.000543952 0
21.14 -0.000396281 0
21.145 -0.000288695 0
21.15 -0.000210285 0
21.155 -0.000153184 0
21.16 -0.00011161 0
21.165 -8.13007e-05 0
21.17 -0.0171188 0
21.175 -0.0124708 0
21.18 -0.00908485 0
21.185 -0.00661823 0
21.19 -0.0218808 0
21.195 -0.01594 0
21.2 -0.0286716 0
21.205 -0.020887 0
21.21 -0.0322754 0
21.215 -0.0405718 0
21.22 -0.0295562 0
21.225 -0.0385908 0
21.23 -0.0451725 0
21.235 -0.0499673 0
21.24 -0.0364006 0
21.245 -0.043577 0
21.25 -0.0488049 0
21.255 -0.0355539 0
21.26 -0.0429601 0
21.265 -0.031296 0
21.27 -0.0227988 0
21.275 -0.0166087 0
21.28 -0.0291588 0
21.285 -0.0212419 0
21.29 -0.0154745 0
21.295 -0.011273 0
21.3 -0.0252718 0
21.305 -0.0184103 0
21.31 -0.0304713 0
21.315 -0.0392575 0
21.32 -0.0285987 0
21.325 -0.0378934 0
21.33 -0.0446644 0
21.335 -0.0495971 0
21.34 -0.0531904 0
21.345 -0.0387487 0
21.35 -0.0452875 0
21.355 -0.050051 0
21.36 -0.0535212 0
21.365 -0.0389896 0
21.37 -0.045463 0
21.375 -0.0331193 0
21.38 -0.0411866 0
21.385 -0.0470635 0
21.39 -0.0342853 0
21.395 -0.0420361 0
21.4 -0.0306228 0
21.405 -0.0393679 0
21.41 -0.0286791 0
21.415 -0.0379519 0
21.42 -0.0276477 0
21.425 -0.0372006 0
21.43 -0.0271003 0
21.435 -0.0368018 0
21.44 -0.0268097 0
21.445 -0.0365901 0
21.45 -0.043715 0
21.455 -0.0489054 0
21.46 -0.0526866 0
21.465 -0.0554411 0
21.47 -0.0574477 0
21.475 -0.0759692 0
21.48 -0.0724022 0
21.485 -0.0698037 0
21.49 -0.0849704 0
21.495 -0.0789595 0
21.5 -0.0745807 0
21.505 -0.0884503 0
21.51 -0.0814947 0
21.515 -0.0764277 0
21.52 -0.0727364 0
21.525 -0.0700471 0
21.53 -0.0680882 0
21.535 -0.066661 0
21.54 -0.0485619 0
21.545 -0.0524365 0
21.55 -0.055259 0
21.555 -0.0573152 0
21.56 -0.058813 0
21.565 -0.0599042 0
21.57 -0.060699 0
21.575 -0.0612782 0
21.58 -0.0617001 0
21.585 -0.0790669 0
21.59 -0.0746588 0
21.595 -0.0714477 0
21.6 -0.0861679 0
21.605 -0.079832 0
21.61 -0.0752163 0
21.615 -0.0889133 0
21.62 -0.0818321 -0.084064
21.625 -0.0766734 -0.0856284
21.63 -0.0729153 -0.0870661
21.635 -0.0872371 -0.088787
21.64 -0.0806109 -0.090909
21.645 -0.0757838 -0.0928019
21.65 -0.0722672 -0.0936053
21.655 -0.0867649 -0.0957667
21.66 -0.080267 -0.0978982
21.665 -0.0755332 -0.0992156
21.67 0.149689 -0.0286061
21.675 0.109047 0.0392721
21.68 0.113558 0.102474
21.685 0.0997856 0.166212
21.69 0.123871 0.225917
21.695 0.158477 0.282383
21.7 0.183687 0.331654
21.705 0.202052 0.377455
21.71 0.23249 0.422863
21.715 0.237605 0.457377
21.72 0.25839 0.473606
21.725 0.256472 0.490917
21.73 0.255075 0.507168
21.735 0.271117 0.530342
21.74 0.265744 0.548845
21.745 0.278889 0.564426
21.75 0.288465 0.584788
21.755 0.295442 0.608275
21.76 0.334643 0.63699
21.765 0.346141 0.663861
21.77 0.371576 0.686867
21.775 0.390106 0.705998
21.78 0.420664 0.713009
21.785 0.442925 0.715605
21.79 0.459143 0.71687
21.795 0.453897 0.711264
21.8 0.467135 0.706628
21.805 0.45972 0.693931
21.81 0.454317 0.688798
21.815 0.450382 0.689667
21.82 0.430456 0.691747
21.825 0.41594 0.696447
21.83 0.405365 0.695907
21.835 0.397661 0.700244
21.84 0.374989 0.696138
21.845 0.358473 0.686079
21.85 0.346442 0.67246
21.855 0.320617 0.651975
21.86 0.318864 0.630987
21.865 0.300527 0.607877
21.87 0.287169 0.588302
21.875 0.277438 0.577091
21.88 0.270349 0.56799
21.885 0.282243 0.558805
21.89 0.273849 0.55119
21.895 0.284794 0.547325
21.9 0.292767 0.539265
21.905 0.281516 0.528037
21.91 0.273319 0.510238
21.915 0.267348 0.491689
21.92 0.262998 0.474606
21.925 0.24277 0.457306
21.93 0.228034 0.439823
21.935 0.200239 0.416571
21.94 0.162932 0.398794
21.945 0.152813 0.381515
21.95 0.111323 0.365673
21.955 0.0981572 0.358191
21.96 0.0885661 0.347949
21.965 0.0645196 0.33719
21.97 0.0470018 0.320132
21.975 0.0342405 0.302459
21.98 0.0249441 0.284351
21.985 0.0181715 0.263557
21.99 0.013238 0.240377
21.995 0.00964379 0.217224
22 0.00702572 0.20005
22.005 0.00511837 0.187925
22.01 0.020788 0.180201
22.015 0.0151439 0.177259
22.02 0.0110323 0.173233
22.025 0.0250964 0.173177
22.03 0.0182824 0.171645
22.035 0.0133188 0.165305
22.04 0.00970268 0.15393
22.045 -0.00999117 0.136649
22.05 -0.0243378 0.114952
22.055 -0.0518489 0.0892942
22.06 -0.0718901 0.0629741
22.065 -0.0864902 0.0373569
22.07 -0.114186 0.0132755
22.075 -0.134362 -0.00991247
22.08 -0.149059 -0.0289258
22.085 -0.142707 -0.0427167
22.09 -0.155139 -0.0493453
22.095 -0.147136 -0.0463957
22.1 -0.141306 -0.0415302
22.105 -0.119999 -0.0347502
22.11 -0.104478 -0.0286546
22.115 -0.11023 -0.024757
22.12 -0.0973606 -0.0219641
22.125 -0.0879858 -0.0239379
22.13 -0.0811563 -0.029049
22.135 -0.0761809 -0.0377937
22.14 -0.0896158 -0.0475847
22.145 -0.0823438 -0.056917
22.15 -0.0941055 -0.0662929
22.155 -0.102674 -0.0745959
22.16 -0.108916 -0.0830034
22.165 -0.113463 -0.0885257
22.17 -0.133836 -0.0938802
22.175 -0.148676 -0.098036
22.18 -0.142428 -0.0997485
22.185 -0.154936 -0.0997105
22.19 -0.146988 -0.0963248
22.195 -0.141198 -0.0893672
22.2 -0.13698 -0.0829289
22.205 -0.116848 -0.080101
22.21 -0.119242 -0.0806297
22.215 -0.120985 -0.0850406
22.22 -0.105196 -0.0902998
22.225 -0.0936936 -0.093284
22.23 -0.102374 -0.0990417
22.235 -0.0916376 -0.104566
22.24 -0.0838166 -0.110649
22.245 -0.0951786 -0.117718
22.25 -0.086396 -0.121436
22.255 -0.0970576 -0.122693
22.26 -0.104824 -0.122261
22.265 -0.127542 -0.122618
22.27 -0.127032 -0.122376
22.275 -0.12666 -0.121717
22.28 -0.143449 -0.1205
22.285 -0.13862 -0.117965
22.29 -0.135102 -0.114835
22.295 -0.13254 -0.108745
22.3 -0.130673 -0.102808
22.305 -0.129313 -0.0990221
22.31 -0.111262 -0.0980921
22.315 -0.115172 -0.0993844
22.32 -0.100961 -0.09883
22.325 -0.0906087 -0.0996932
22.33 -0.0830669 -0.0978275
22.335 -0.0605134 -0.0956138
22.34 -0.0611429 -0.0919351
22.345 -0.0616014 -0.0886973
22.35 -0.0619354 -0.0891208
22.355 -0.0621787 -0.0911319
22.36 -0.0794156 -0.0949127
22.365 -0.0749129 -0.0977767
22.37 -0.0886922 -0.102109
22.375 -0.0987303 -0.107895
22.38 -0.0889837 -0.110666
22.385 -0.0989428 -0.110256
22.39 -0.106198 -0.107006
22.395 -0.0944235 -0.102442
22.4 -0.102906 -0.0989847
22.405 -0.109085 -0.0970423
22.41 -0.0965264 -0.0967865
22.415 -0.104437 -0.0983981
22.42 -0.0931411 -0.101409
22.425 -0.101971 -0.105575
22.43 -0.0913445 -0.109876
22.435 -0.083603 -0.116674
22.44 -0.0950229 -0.123409
22.445 -0.0862827 -0.127796
22.45 -0.0799155 -0.129842
22.455 -0.0923366 -0.13135
22.46 -0.0843258 -0.129227
22.465 -0.0955495 -0.127574
22.47 -0.103726 -0.128221
22.475 -0.0926226 -0.129192
22.48 -0.101594 -0.130467
22.485 -0.108129 -0.131855
22.49 -0.11289 -0.136963
22.495 -0.116358 -0.142708
22.5 -0.118885 -0.147715
22.505 -0.120725 -0.149258
22.51 -0.122066 -0.148932
22.515 -0.123043 -0.146931
22.52 -0.123754 -0.142281
22.525 -0.107213 -0.137082
22.53 -0.0951633 -0.130535
22.535 -0.086385 -0.123691
22.54 -0.0970495 -0.118474
22.545 -0.0877591 -0.114631
22.55 -0.080991 -0.113977
22.555 -0.0760606 -0.113301
22.56 -0.0724689 -0.112831
22.565 -0.0698523 -0.111187
22.57 -0.0508867 -0.108172
22.575 -0.0541299 -0.105374
22.58 -0.0564926 -0.100451
22.585 -0.0582137 -0.094827
22.59 -0.0594676 -0.0896431
22.595 -0.060381 -0.0858253
22.6 -0.0610465 -0.0820074
22.605 -0.0615312 -0.0784215
22.61 -0.0618843 -0.0738401
22.615 -0.0621416 -0.0712137
22.62 -0.062329 -0.0719041
22.625 -0.0624655 -0.0741507
22.63 -0.062565 -0.0791078
22.635 -0.045578 -0.0823592
22.64 -0.0502626 -0.0846154
22.645 -0.0536753 -0.0832744
22.65 -0.0391019 -0.0792024
22.655 -0.0284853 -0.0707569
22.66 -0.0207513 -0.0597093
22.665 -0.0151171 -0.0465628
22.67 -0.0110126 -0.0322342
22.675 -0.00802258 -0.0195683
22.68 -0.00584437 -0.0104867
22.685 -0.00425757 -0.00440409
22.69 -0.0201611 -0.00332529
22.695 -0.0146872 -0.00502063
22.7 -0.027759 -0.00869774
22.705 -0.0202221 -0.0113931
22.71 -0.0317911 -0.0119732
22.715 -0.0231595 -0.0119083
22.72 -0.033931 -0.00899642
22.725 -0.0247183 -0.0018274
22.73 -0.0350666 0.00671586
22.735 -0.0255456 0.0135304
22.74 -0.0356692 0.017733
22.745 -0.0259847 0.0218933
22.75 -0.0189295 0.0251583
22.755 -0.01379 0.023627
22.76 -0.0100459 0.0194699
22.765 -0.00731832 0.0133429
22.77 -0.00533131 0.00576339
22.775 -0.00388384 -0.00113309
22.78 -0.0198888 -0.0060308
22.785 -0.0144888 -0.00698951
22.79 -0.0105549 -0.00281721
22.795 -0.00768918 0.00471362
22.8 -0.0056015 0.0141933
22.805 0.0129789 0.0252772
22.81 0.00945497 0.0360895
22.815 0.00688782 0.0418538
22.82 -0.0120418 0.042209
22.825 -0.00877234 0.0401454
22.83 -0.00639057 0.0364123
22.835 -0.021715 0.0311371
22.84 -0.0158192 0.027333
22.845 -0.0285836 0.0268078
22.85 -0.0208228 0.0301035
22.855 -0.0151692 0.0378336
22.86 -0.0110506 0.0495622
22.865 -0.00805023 0.0633545
22.87 -0.0058645 0.0742184
22.875 -0.00427222 0.0798704
22.88 -0.00311229 0.0812413
22.885 -0.00226724 0.0779784
22.89 0.0154078 0.0705577
22.895 0.0112244 0.0613898
22.9 0.00817683 0.0519664
22.905 0.00595674 0.0435838
22.91 0.0043394 0.0390655
22.915 0.00316119 0.0400969
22.92 0.00230289 0.046773
22.925 0.00167763 0.0564583
22.93 0.0012221 0.0676571
22.935 0.000890315 0.0766538
22.94 0.000648588 0.0835505
22.945 0.000472456 0.0843641
22.95 0.000344187 0.0807496
22.955 0.000250757 0.0739932
22.96 0.000182658 0.064747
22.965 0.000133067 0.0578843
22.97 -0.0169626 0.0530127
22.975 -0.0123571 0.0502495
22.98 -0.00900197 0.0525613
22.985 -0.00655785 0.0589826
22.99 -0.00477734 0.067755
22.995 -0.00348023 0.0769728
23 -0.00253531 0.0839683
23.005 -0.00184694 0.0869981
23.01 -0.00134546 0.0861453
23.015 -0.000980169 0.0824477
23.02 -0.000714034 0.0764151
23.025 -0.00052017 0.067854
23.03 -0.000378937 0.0605113
23.035 0.0167834 0.0575862
23.04 0.0122265 0.0594207
23.045 0.00890687 0.0666593
23.05 0.00648856 0.0756662
23.055 0.00472686 0.0848769
23.06 0.00344345 0.0916063
23.065 0.00250852 0.0958624
23.07 0.00182742 0.0983118
23.075 0.00133124 0.0968677
23.08 0.000969797 0.0917236
23.085 0.000706494 0.0859001
23.09 0.000514627 0.0798664
23.095 0.000374913 0.0743556
23.1 0.0173327 0.0738458
23.105 0.0126266 0.0773988
23.11 0.00919837 0.0860375
23.115 0.0067009 0.096966
23.12 0.021941 0.109213
23.125 0.0159838 0.118498
23.13 0.0116441 0.123054
23.135 0.0255421 0.125499
23.14 0.0186071 0.123819
23.145 0.0135551 0.118366
23.15 0.00987473 0.111581
23.155 0.00719362 0.104957
23.16 0.00524047 0.100776
23.165 0.00381762 0.100979
23.17 0.00278109 0.105738
23.175 0.00202599 0.115869
23.18 0.0185354 0.130142
23.185 0.0135029 0.143789
23.19 0.0268962 0.156618
23.195 0.0366531 0.166328
23.2 0.0267014 0.169723
23.205 0.0365112 0.168055
23.21 0.026598 0.160065
23.215 0.0364359 0.149603
23.22 0.0265431 0.138919
23.225 0.0363959 0.129824
23.23 0.026514 0.125005
23.235 0.0193152 0.123757
23.24 0.0311304 0.127119
23.245 0.0226782 0.130595
23.25 0.0165208 0.134553
23.255 0.0290948 0.138824
23.26 0.0211952 0.138527
23.265 0.0154405 0.132235
23.27 0.0112482 0.122935
23.275 0.00819419 0.112304
23.28 0.00596939 0.10232
23.285 0.00434864 0.0935023
23.29 0.0202274 0.088286
23.295 0.0147355 0.0880939
23.3 0.0107346 0.0923372
23.305 0.00782007 0.100858
23.31 0.00569683 0.110264
23.315 0.0212096 0.119899
23.32 0.015451 0.127074
23.325 0.0112559 0.130928
23.33 0.00819977 0.132725
23.335 0.00597345 0.131848
23.34 0.00435159 0.130403
23.345 0.00317008 0.126082
23.35 0.00230937 0.120833
23.355 0.00168235 0.116
23.36 0.00122558 0.113726
23.365 0.000892818 0.115791
23.37 0.000650406 0.119776
23.375 0.0175333 0.125091
23.38 0.0127728 0.130795
23.385 0.0263644 0.135755
23.39 0.0362657 0.14072
23.395 0.0434787 0.145035
23.4 0.0316737 0.14699
23.405 0.0401335 0.145846
23.41 0.0462963 0.143361
23.415 0.0337264 0.140544
23.42 0.0245693 0.136558
23.425 0.034958 0.134549
23.43 0.0254665 0.132021
23.435 0.0185521 0.128536
23.44 0.013515 0.124334
23.445 0.00984554 0.120378
23.45 0.00717237 0.117548
23.455 0.005225 0.115129
23.46 0.00380636 0.110918
23.465 0.00277289 0.105495
23.47 0.00202002 0.10282
23.475 0.00147156 0.102713
23.48 0.00107202 0.104031
23.485 0.0178405 0.104873
23.49 0.0129966 0.104408
23.495 0.00946788 0.103169
23.5 0.0239568 0.101377
23.505 0.0174522 0.10139
23.51 0.0127138 0.0999589
23.515 0.0263214 0.097317
23.52 0.0191748 0.0965893
23.525 0.0139687 0.0963706
23.53 0.010176 0.0976706
23.535 0.00741313 0.0994514
23.54 0.00540039 0.100665
23.545 0.00393413 0.10111
23.55 0.00286597 0.0998919
23.555 0.00208783 0.101279
23.56 0.00152096 0.10229
23.565 0.00110801 0.100333
23.57 -0.0162523 0.0958438
23.575 -0.0118397 0.0886753
23.58 -0.00862506 0.0813855
23.585 -0.00628326 0.0743684
23.59 -0.0216368 0.0681718
23.595 -0.0157622 0.0626997
23.6 -0.0114826 0.0591998
23.605 -0.00836494 0.0566374
23.61 -0.00609377 0.0546335
23.615 -0.00443925 0.055078
23.62 0.0138256 0.0556765
23.625 0.0100718 0.0567071
23.63 0.00733718 0.0576493
23.635 0.00534506 0.0599176
23.64 0.00389382 0.0617426
23.645 0.00283661 0.0623128
23.65 0.00206644 0.0641625
23.655 0.00150538 0.0670066
23.66 0.00109665 0.0704022
23.665 -0.0162606 0.0729899
23.67 -0.0118457 0.0761224
23.675 -0.00862945 0.0772641
23.68 -0.00628646 0.074707
23.685 -0.00457962 0.0721528
23.69 -0.00333621 0.0679692
23.695 -0.00243039 0.0648938
23.7 -0.00177051 0.0631158
23.705 -0.0012898 0.0624392
23.71 -0.000939606 0.064363
23.715 -0.000684492 0.0668256
23.72 0.0165609 0.0749949
23.725 0.0291239 0.083963
23.73 0.0212165 0.0900795
23.735 0.015456 0.0934642
23.74 0.0112595 0.0919653
23.745 0.0252619 0.087872
23.75 0.0184031 0.0801805
23.755 -0.00365307 0.0693975
23.76 -0.00266122 0.0550388
23.765 -0.00193867 0.0421375
23.77 -0.0184718 0.0347099
23.775 -0.0134565 0.0333436
23.78 -0.00980293 0.037481
23.785 -0.00714133 0.0446264
23.79 -0.00520238 0.0539905
23.795 -0.00378988 0.064436
23.8 -0.00276089 0.0721392
23.805 0.0150482 0.0784552
23.81 0.0109625 0.0821366
23.815 0.00798605 0.0808607
23.82 0.00581775 0.07479
23.825 -0.0128213 0.0675412
23.83 -0.00934021 0.0602838
23.835 -0.00680424 0.0548688
23.84 -0.00495682 0.0547765
23.845 -0.00361099 0.057918
23.85 -0.00263057 0.0650514
23.855 -0.00191634 0.0753624
23.86 -0.00139603 0.0872369
23.865 -0.001017 0.0966494
23.87 -0.000740871 0.101956
23.875 -0.000539713 0.10278
23.88 -0.000393175 0.0994049
23.885 -0.000286423 0.0927559
23.89 -0.000208654 0.0853933
23.895 -0.000152003 0.0774544
23.9 -0.000110734 0.0704756
23.905 -0.0171402 0.064545
23.91 -0.0124864 0.0635778
23.915 -0.00909624 0.0665475
23.92 -0.00662651 0.0714741
23.925 -0.00482734 0.0752601
23.93 -0.00351667 0.0761117
23.935 0.0144977 0.0766733
23.94 0.0105614 0.0764334
23.945 0.00769386 0.0758758
23.95 0.0056049 0.0766855
23.955 0.00408311 0.0783737
23.96 0.0029745 0.081476
23.965 0.00216689 0.0869082
23.97 0.00157856 0.0949796
23.975 0.00114997 0.103217
23.98 0.00083774 0.109739
23.985 0.000610285 0.11331
23.99 0.000444587 0.114956
23.995 -0.0167356 0.112195
24 -0.0121917 0.105657
24.005 -0.00888155 0.0977765
24.01 -0.00647011 0.0909624
24.015 -0.00471341 0.0874136
24.02 0.0136258 0.0874124
24.025 0.00992628 0.0899831
24.03 0.00723119 0.097478
24.035 0.0223274 0.109175
24.04 0.0333247 0.121443
24.045 0.0413362 0.130684
24.05 0.030113 0.135435
24.055 0.0389965 0.135012
24.06 0.0284085 0.128728
24.065 0.0206953 0.118776
24.07 0.0150763 0.107709
24.075 0.010983 0.097728
24.08 0.00800097 0.0897496
24.085 0.00582863 0.0863381
24.09 0.00424609 0.0878417
24.095 0.00309324 0.0932914
24.1 0.00225339 0.10257
24.105 0.00164157 0.112878
24.11 0.00119587 0.121017
24.115 0.000871181 0.124545
24.12 0.0176942 0.125052
24.125 0.01289 0.120985
24.13 0.00939024 0.114231
24.135 0.0068407 0.107578
24.14 0.00498338 0.0984305
24.145 0.00363033 0.090619
24.15 0.00264467 0.0859449
24.155 0.00192662 0.0832657
24.16 0.00140353 0.0837508
24.165 0.00102247 0.0859029
24.17 0.000744864 0.0907305
24.175 0.0176021 0.0990368
24.18 0.012823 0.105109
24.185 0.0093414 0.110242
24.19 0.0238646 0.114675
24.195 0.0173851 0.117952
24.2 0.0126649 0.120925
24.205 0.00922623 0.12272
24.21 0.00672121 0.125422
24.215 0.00489633 0.129597
24.22 0.00356692 0.13337
24.225 0.00259848 0.135194
24.23 0.00189297 0.135202
24.235 0.00137901 0.13445
24.24 0.00100459 0.13138
24.245 0.000731841 0.126347
24.25 0.000533149 0.122651
24.255 0.000388399 0.120211
24.26 0.0173425 0.119647
24.265 0.0126338 0.121903
24.27 0.0092036 0.126139
24.275 0.0237642 0.13507
24.28 0.017312 0.144298
24.285 0.0296711 0.152728
24.29 0.0216151 0.157696
24.295 0.0157464 0.158814
24.3 0.0285306 0.157873
24.305 0.0207842 0.152517
24.31 0.0151411 0.145338
24.315 0.0110301 0.139752
24.32 0.00803535 0.136056
24.325 0.00585367 0.132411
24.33 0.00426434 0.129123
24.335 0.00310653 0.128248
24.34 0.00226307 0.127464
24.345 0.00164862 0.12658
24.35 0.00120102 0.126627
24.355 0.0179345 0.127817
24.36 0.0130651 0.128349
24.365 0.00951777 0.127808
24.37 0.0239931 0.128469
24.375 0.0174787 0.130232
24.38 0.0127331 0.130959
24.385 0.00927593 0.129461
24.39 0.00675742 0.128897
24.395 0.00492272 0.128436
24.4 0.00358617 0.127001
24.405 0.00261247 0.123719
24.41 0.00190318 0.119729
24.415 0.00138646 0.117721
24.42 0.00101003 0.118676
24.425 0.00073579 0.122668
24.43 0.000536025 0.126763
24.435 0.01745 0.132853
24.44 0.0127122 0.138298
24.445 0.00926065 0.145219
24.45 0.0238058 0.153004
24.455 0.0173423 0.159958
24.46 0.0296932 0.164011
24.465 0.0216312 0.16401
24.47 0.0157581 0.160186
24.475 0.0285391 0.154156
24.48 0.0207905 0.145666
24.485 0.0151456 0.137255
24.49 0.0110334 0.130424
24.495 0.00803775 0.126265
24.5 0.0229149 0.126566
24.505 0.0166933 0.130774
24.51 0.0121609 0.138768
24.515 0.0259186 0.148044
24.52 0.0188814 0.156783
24.525 0.0137549 0.161715
24.53 0.0270798 0.161381
24.535 0.0197273 0.156438
24.54 0.0143712 0.149395
24.545 0.0104693 0.140009
24.55 0.00762677 0.127762
24.555 -0.0115035 0.113959
24.56 -0.00838014 0.101403
24.565 -0.00610486 0.0932548
24.57 -0.00444731 0.0901391
24.575 -0.00323981 0.0918385
24.58 -0.00236017 0.0973318
24.585 -0.00171939 0.102613
24.59 -0.00125253 0.10584
24.595 0.016147 0.105595
24.6 0.0117629 0.101481
24.605 0.00856921 0.0925709
24.61 0.00624257 0.0809121
24.615 0.00454766 0.0683711
24.62 -0.0137466 0.0547681
24.625 -0.0100142 0.0428607
24.63 -0.0243548 0.0330177
24.635 -0.0348017 0.0262522
24.64 -0.0253527 0.0245845
24.645 -0.0355286 0.0257836
24.65 -0.0258822 0.0312819
24.655 -0.0359145 0.0378335
24.66 -0.0261633 0.0427426
24.665 -0.0190597 0.0446926
24.67 -0.0309443 0.0421208
24.675 -0.0225426 0.0383713
24.68 -0.016422 0.0339998
24.685 -0.0119633 0.0306013
24.69 -0.00871512 0.0258405
24.695 -0.0234084 0.0242557
24.7 -0.0170528 0.0271964
24.705 -0.0124227 0.0322371
24.71 -0.00904983 0.0357924
24.715 -0.00659269 0.0349633
24.72 -0.0048027 0.0330305
24.725 -0.0205582 0.0287056
24.73 -0.0149764 0.0244116
24.735 -0.0109102 0.0199673
24.74 -0.0250075 0.0135996
24.745 -0.0182177 0.00931508
24.75 -0.0132714 0.00533289
24.755 -0.00966804 0.00563
24.76 -0.0241026 0.00784011
24.765 -0.0175585 0.0126332
24.77 -0.0127911 0.0169033
24.775 -0.00931822 0.0181269
24.78 -0.00678821 0.0189201
24.785 -0.00494514 0.0165126
24.79 -0.00360247 0.0121192
24.795 -0.00262436 0.00734492
24.8 -0.0189713 0.00122566
24.805 -0.0138204 -0.00351794
24.81 -0.010068 -0.00726635
24.815 -0.00733443 -0.00772161
24.82 -0.00534305 -0.00625416
24.825 -0.00389236 -0.000463447
24.83 -0.00283554 0.0064828
24.835 -0.00206566 0.0133544
24.84 -0.00150481 0.0191966
24.845 -0.0181557 0.0194927
24.85 -0.0132263 0.0185
24.855 -0.00963517 0.0144541
24.86 -0.0240786 0.00797127
24.865 -0.017541 0.00294979
24.87 -0.029838 -0.000270664
24.875 -0.0217366 -0.000642326
24.88 -0.0158349 -0.000844962
24.885 -0.0115356 0.00101892
24.89 -0.025463 0.00144589
24.895 -0.0185496 0.00384361
24.9 -0.0135131 0.00721124
24.905 -0.0269037 0.00821134
24.91 -0.019599 0.0120751
24.915 -0.0142777 0.0144524
24.92 -0.0104012 0.0175638
24.925 -0.00757713 0.0214423
24.93 -0.00551986 0.026264
24.935 -0.00402116 0.030827
24.94 -0.00292937 0.0344672
24.945 -0.00213401 0.0377472
24.95 -0.0015546 0.0389117
24.955 -0.018192 0.0388214
24.96 -0.0132527 0.0353821
24.965 -0.0267139 0.0298026
24.97 -0.0194608 0.0236843
24.975 -0.014177 0.0181279
24.98 -0.0273873 0.0156527
24.985 -0.0199514 0.0149363
24.99 -0.0145344 0.0170592
24.995 -0.0276476 0.0200343
25 -0.020141 0.0236948
25.005 -0.0146725 0.0281076
25.01 -0.0106888 0.0319248
25.015 -0.00778666 0.0333745
25.02 -0.022732 0.0298085
25.025 -0.01656 0.0241142
25.03 -0.0120638 0.0167679
25.035 -0.0258479 0.00739147
25.04 -0.0358894 0.000595921
25.045 -0.0261451 -0.0034298
25.05 -0.0361059 -0.00291088
25.055 -0.0433623 0.00146549
25.06 -0.031589 0.0103984
25.065 -0.0400717 0.0205832
25.07 -0.0291918 0.0301753
25.075 -0.0383255 0.0379537
25.08 -0.0279197 0.042067
25.085 -0.0203392 0.0438153
25.09 -0.0318764 0.0409481
25.095 -0.0232216 0.0352347
25.1 -0.0169167 0.0300174
25.105 -0.0293832 0.0261228
25.11 -0.0214053 0.0242759
25.115 -0.0155935 0.0246465
25.12 -0.0113597 0.0274728
25.125 -0.00827545 0.0294933
25.13 -0.0230881 0.0302701
25.135 -0.0168194 0.0290325
25.14 -0.0122528 0.0248716
25.145 -0.00892602 0.0218349
25.15 -0.023562 0.0163533
25.155 -0.0171647 0.0111034
25.16 -0.0125043 0.00548238
25.165 -0.0261688 0.0013539
25.17 -0.0190637 0.00182977
25.175 -0.0309472 0.00515599
25.18 -0.0225447 0.0105977
25.185 -0.0334831 0.0143865
25.19 -0.0243921 0.0170641
25.195 -0.0348289 0.0175231
25.2 -0.0253725 0.0165774
25.205 -0.0355431 0.0127405
25.21 -0.0258928 0.0084325
25.215 -0.0359221 0.00639118
25.22 -0.0261689 0.00656261
25.225 -0.0190638 0.00855439
25.23 -0.0138878 0.0125864
25.235 -0.0101171 0.0173735
25.24 -0.00737022 0.0239153
25.245 -0.00536913 0.0308361
25.25 -0.00391135 0.0370266
25.255 -0.0028494 0.0410214
25.26 -0.00207576 0.0408356
25.265 -0.00151217 0.0385632
25.27 -0.00110161 0.0363935
25.275 -0.017862 0.0345011
25.28 -0.0130123 0.0314762
25.285 -0.0265388 0.0283847
25.29 -0.0193332 0.0257057
25.295 -0.0311436 0.0235555
25.3 -0.0226878 0.0241629
25.305 -0.0165278 0.0267168
25.31 -0.0120403 0.032174
25.315 -0.00877127 0.0390245
25.32 -0.0063898 0.0467857
25.325 -0.00465491 0.0544079
25.33 -0.00339106 0.0602063
25.335 -0.00247034 0.0641418
25.34 -0.00179964 0.0670244
25.345 -0.00131103 0.0687759
25.35 -0.000955075 0.0694086
25.355 -0.000695765 0.0694024
25.36 -0.000506878 0.068269
25.365 -0.0174288 0.0654134
25.37 -0.0126967 0.0620443
25.375 -0.00924939 0.059854
25.38 -0.00673807 0.0603777
25.385 -0.00490862 0.0618915
25.39 -0.00357586 0.0631921
25.395 -0.00260499 0.0645751
25.4 -0.00189772 0.067017
25.405 -0.00138247 0.0695169
25.41 -0.00100714 0.0709718
25.415 -0.000733703 0.0686255
25.42 -0.000534505 0.0618171
25.425 -0.000389367 0.052303
25.43 -0.000283659 0.0419945
25.435 -0.000206649 0.0313318
25.44 -0.0172101 0.0208129
25.445 -0.0125374 0.0118937
25.45 -0.00913334 0.00596499
25.455 -0.00665358 0.00514865
25.46 -0.00484708 0.00919603
25.465 -0.00353104 0.01761
25.47 -0.00257233 0.0270867
25.475 -0.00187394 0.0367505
25.48 -0.00136515 0.0436182
25.485 -0.018054 0.0479058
25.49 -0.0131521 0.0504974
25.495 -0.00958118 0.0493467
25.5 -0.0240393 0.0449598
25.505 -0.0175124 0.0391453
25.51 -0.0298171 0.0332504
25.515 -0.038781 0.027944
25.52 -0.0282515 0.0253696
25.525 -0.0376405 0.0238398
25.53 -0.0274207 0.025077
25.535 -0.0199757 0.0288934
25.54 -0.0145521 0.0336573
25.545 -0.0106011 0.038336
25.55 -0.0077228 0.0406349
25.555 0.0114335 0.0414353
25.56 0.00832918 0.0402796
25.565 0.00606772 0.0375323
25.57 0.00442025 0.0359089
25.575 0.00322011 0.0359219
25.58 0.00234583 0.0381002
25.585 0.00170892 0.0415119
25.59 0.0012449 0.0454111
25.595 0.000906914 0.0491302
25.6 0.000660688 0.0527487
25.605 -0.0165782 0.0550746
25.61 -0.0120771 0.055895
25.615 -0.00879803 0.0546427
25.62 -0.00640932 0.0522223
25.625 -0.00466913 0.0495471
25.63 -0.00340143 0.0457764
25.635 -0.0195374 0.0395934
25.64 -0.0142328 0.0356553
25.645 -0.0103685 0.0320425
25.65 -0.00755337 0.028695
25.655 -0.00550255 0.0264549
25.66 -0.00400856 0.0255829
25.665 -0.00292021 0.0245104
25.67 -0.00212735 0.0221166
25.675 -0.00154975 0.0196972
25.68 -0.0181885 0.0154535
25.685 -0.0132501 0.0112776
25.69 -0.00965258 0.00764498
25.695 -0.00703183 0.00417417
25.7 -0.00512263 0.00112496
25.705 -0.0207913 -0.00258691
25.71 -0.0151463 -0.00479479
25.715 -0.0110339 -0.00524841
25.72 -0.0250976 -0.00467358
25.725 -0.0353428 -0.00402654
25.73 -0.0257469 -0.00295294
25.735 -0.0358159 -0.00194212
25.74 -0.0260915 -0.00291105
25.745 -0.0360669 -0.00558343
25.75 -0.0262743 -0.0101052
25.755 -0.0362001 -0.0156609
25.76 -0.0263714 -0.0203372
25.765 -0.0362708 -0.0229323
25.77 -0.0264229 -0.0236696
25.775 -0.0363083 -0.0240262
25.78 -0.0264503 -0.0228777
25.785 -0.0192688 -0.0185796
25.79 -0.0140371 -0.0120594
25.795 -0.0102259 -0.00462033
25.8 -0.00744951 0.00173911
25.805 -0.00542688 0.00646472
25.81 -0.021013 0.00858617
25.815 -0.0153077 0.00824994
25.82 -0.0111516 0.00396135
25.825 -0.0251833 -0.00376067
25.83 -0.0354053 -0.0142988
25.835 -0.0257924 -0.0238564
25.84 -0.035849 -0.0319522
25.845 -0.0261157 -0.0358921
25.85 -0.0360845 -0.0355971
25.855 -0.0262872 -0.0301025
25.86 -0.0362094 -0.020269
25.865 -0.00931877 -0.00651782
25.87 -0.00678855 0.00639657
25.875 -0.0049454 0.0164369
25.88 -0.00360262 0.0216323
25.885 -0.00262445 0.01995
25.89 -0.00191188 0.0131372
25.895 -0.0184523 0.00128754
25.9 -0.0134423 -0.0133574
25.905 -0.0268521 -0.0267418
25.91 -0.0195615 -0.0345789
25.915 -0.0313098 -0.0361402
25.92 -0.022809 -0.0306281
25.925 -0.016616 -0.0204986
25.93 -0.0121046 -0.00662358
25.935 -0.0258776 0.00897964
25.94 -0.0188516 0.0237344
25.945 -0.0137332 0.0358869
25.95 -0.0100045 0.0442713
25.955 -0.00728828 0.0478712
25.96 -0.0053094 0.0470242
25.965 -0.00386792 0.0412986
25.97 -0.00281775 0.0336565
25.975 -0.0191122 0.0277965
25.98 -0.013923 0.0264
25.985 -0.0101428 0.0271662
25.99 -0.00738895 0.0300381
25.995 -0.00538278 0.034694
26 -0.00392127 0.0414445
26.005 -0.00285661 0.0499477
26.01 -0.00208104 0.0561902
26.015 -0.00151598 0.0588215
26.02 -0.00110435 0.0577585
26.025 -0.000804484 0.0547342
26.03 -0.000586033 0.0509305
26.035 -0.0174865 0.0452572
26.04 -0.0127387 0.0394751
26.045 -0.00928009 0.0337119
26.05 -0.02382 0.0287842
26.055 -0.0173526 0.0255568
26.06 -0.0126413 0.024399
26.065 -0.0262686 0.0233355
26.07 -0.0191364 0.0220879
26.075 -0.0139407 0.0231008
26.08 -0.0101557 0.0258781
26.085 -0.00739831 0.0303332
26.09 -0.00538957 0.0379112
26.095 -0.00392628 0.0478543
26.1 -0.00286025 0.0582295
26.105 -0.00208366 0.06842
26.11 -0.00151795 0.0766277
26.115 -0.00110584 0.0822095
26.12 -0.000805616 0.0858924
26.125 -0.000586867 0.0862521
26.13 -0.017487 0.0821019
26.135 -0.0127391 0.0778702
26.14 -0.00928026 0.0728778
26.145 -0.0067606 0.0686577
26.15 -0.00492501 0.0673772
26.155 -0.00358784 0.0684929
26.16 -0.00261372 0.0747436
26.165 0.0151554 0.0869333
26.17 0.0110406 0.100293
26.175 0.0251024 0.113027
26.18 0.0353463 0.121524
26.185 0.0257495 0.124219
26.19 0.0358177 0.123243
26.195 0.0260928 0.117151
26.2 0.0190083 0.106414
26.205 0.0138474 0.0918965
26.21 0.0100876 0.0742436
26.215 -0.00971079 0.057572
26.22 -0.00707418 0.0459178
26.225 -0.022213 0.0402329
26.23 -0.016182 0.0399152
26.235 -0.0117885 0.0453175
26.24 -0.00858784 0.0558193
26.245 -0.00625622 0.0688267
26.25 -0.00455761 0.0841566
26.255 0.0137393 0.099213
26.26 0.010009 0.110988
26.265 0.0243509 0.120055
26.27 0.0347989 0.124932
26.275 0.0253506 0.124878
26.28 0.0355271 0.12164
26.285 0.0258811 0.115823
26.29 0.0359136 0.111464
26.295 0.0261627 0.108001
26.3 0.0190592 0.105043
26.305 0.0138845 0.104224
26.31 0.0101147 0.106087
26.315 0.024428 0.112323
26.32 0.0177955 0.121657
26.325 0.0129638 0.132274
26.33 0.0265034 0.143642
26.335 0.0193074 0.155972
26.34 0.0311248 0.167221
26.345 0.0397336 0.175199
26.35 0.046005 0.179987
26.355 0.0335141 0.180926
26.36 0.0414742 0.178098
26.365 0.0302135 0.17166
26.37 0.0390697 0.165287
26.375 0.0284619 0.159289
26.38 0.0377936 0.154499
26.385 0.0275322 0.152075
26.39 0.020057 0.152123
26.395 0.0316707 0.156784
26.4 0.0230718 0.162158
26.405 0.0338671 0.167936
26.41 0.0246718 0.173297
26.415 0.0350326 0.180423
26.42 0.0425804 0.188708
26.425 0.0310193 0.194392
26.43 0.0396567 0.196751
26.435 0.0288895 0.194307
26.44 0.0381052 0.191356
26.445 0.0277592 0.188149
26.45 0.0372818 0.18391
26.455 0.0271594 0.177802
26.46 0.0197853 0.171971
26.465 0.0314729 0.167
26.47 0.0229277 0.163171
26.475 0.0337621 0.162153
26.48 0.0416548 0.163133
26.485 0.0474046 0.165968
26.49 0.0515932 0.170772
26.495 0.0546446 0.176456
26.5 0.0568675 0.182408
26.505 0.0584869 0.189166
26.51 0.0596666 0.196422
26.515 0.0434665 0.201945
26.52 0.0487244 0.204821
26.525 0.0354952 0.203381
26.53 0.0258579 0.199155
26.535 0.0188372 0.193451
26.54 0.0137227 0.184003
26.545 0.00999683 0.173507
26.55 0.00728261 0.163984
26.555 0.00530529 0.159983
26.56 0.00386482 0.163283
26.565 0.00281549 0.172128
26.57 0.0191105 0.184507
26.575 0.0309813 0.197016
26.58 0.0566886 0.208034
26.585 0.0583565 0.217876
26.59 0.0766311 0.226099
26.595 0.0728845 0.230102
26.6 0.0872146 0.226646
26.605 0.0805944 0.216734
26.61 0.0757717 0.202593
26.615 0.0722584 0.189454
26.62 0.0526395 0.177783
26.625 0.0554068 0.170068
26.63 0.0403633 0.167338
26.635 0.0294042 0.169701
26.64 0.0384802 0.174937
26.645 0.0280324 0.181824
26.65 0.0204213 0.188676
26.655 0.0148767 0.193068
26.66 0.0108375 0.192433
26.665 0.00789502 0.186329
26.67 0.00575144 0.175423
26.675 0.0212494 0.163707
26.68 0.0154799 0.151169
26.685 0.011277 0.141081
26.69 0.0252747 0.135268
26.695 0.0184123 0.13204
26.7 0.0304727 0.133446
26.705 0.0392585 0.137272
26.71 0.0456589 0.141778
26.715 0.0503216 0.144814
26.72 0.0366587 0.145884
26.725 0.043765 0.145932
26.73 0.0318823 0.143993
26.735 0.0402855 0.143172
26.74 0.0293475 0.141784
26.745 0.0213794 0.138173
26.75 -0.00148485 0.134127
26.755 -0.0010817 0.131968
26.76 -0.000788011 0.130706
26.765 -0.000574045 0.129029
26.77 -0.0174777 0.127122
26.775 -0.0127323 0.126899
26.78 -0.00927536 0.127223
26.785 -0.00675701 0.128861
26.79 -0.0049224 0.129822
26.795 -0.00358592 0.129767
26.8 0.0144472 0.128994
26.805 0.0105246 0.127222
26.81 0.0247266 0.125632
26.815 0.0180131 0.124102
26.82 0.0301818 0.12257
26.825 0.0219872 0.119888
26.83 0.0160174 0.116391
26.835 0.0116685 0.112348
26.84 0.0085004 0.107433
26.845 0.00619245 0.103984
26.85 0.00451114 0.102836
26.855 0.00328632 0.103707
26.86 0.00239406 0.107049
26.865 0.00174405 0.112252
26.87 0.00127053 0.119068
26.875 0.000925563 0.125983
26.88 0.00067427 0.131941
26.885 0.000491209 0.136478
26.89 0.0174173 0.138324
26.895 0.0126884 0.137456
26.9 0.00924334 0.133331
26.905 0.0237932 0.130199
26.91 0.0173331 0.126116
26.915 0.012627 0.121449
26.92 0.00919861 0.116198
26.925 0.00670108 0.111714
26.93 0.0219412 0.108153
26.935 0.0159839 0.105558
26.94 0.0116441 0.105381
26.945 0.00848262 0.106723
26.95 0.00617951 0.110212
26.955 0.00450173 0.11286
26.96 0.020339 0.11513
26.965 0.0148167 0.116106
26.97 0.0107938 0.116776
26.975 0.00786319 0.117994
26.98 0.00572826 0.118082
26.985 0.004173 0.117895
26.99 0.00303999 0.116842
26.995 0.00221461 0.116627
27 0.00161332 0.118954
27.005 0.0011753 0.120832
27.01 0.000856206 0.12212
27.015 0.000623748 0.123598
27.02 0.000454396 0.124413
27.025 0.000331029 0.125847
27.03 0.00024116 0.128392
27.035 0.000175685 0.133384
27.04 0.000128001 0.138791
27.045 0.0171528 0.145772
27.05 0.0124956 0.153896
27.055 0.00910291 0.16166
27.06 0.00663137 0.168172
27.065 0.00483088 0.17053
27.07 0.00351925 0.170329
27.075 0.0196232 0.16691
27.08 0.0142953 0.161901
27.085 0.010414 0.156057
27.09 0.00758651 0.150428
27.095 0.00552671 0.145483
27.1 0.00402614 0.141325
27.105 0.0199925 0.141669
27.11 0.0145644 0.145302
27.115 0.01061 0.149691
27.12 0.00772928 0.152488
27.125 0.00563072 0.155448
27.13 0.0211614 0.157311
27.135 0.0154159 0.157007
27.14 0.0112303 0.154977
27.145 0.00818117 0.151225
27.15 0.00595991 0.146545
27.155 -0.0127178 0.142154
27.16 -0.00926475 0.140663
27.165 -0.00674926 0.143931
27.17 -0.00491676 0.151903
27.175 -0.00358181 0.160943
27.18 0.0144502 0.170844
27.185 0.0105269 0.180703
27.19 0.00766872 0.187846
27.195 0.0226461 0.191487
27.2 0.0164974 0.190327
27.205 0.0290777 0.187371
27.21 0.0211828 0.182804
27.215 0.032491 0.177982
27.22 0.0236693 0.174812
27.225 0.0343024 0.173522
27.23 0.0249889 0.173758
27.235 0.0182042 0.174844
27.24 0.0303211 0.175403
27.245 0.0391481 0.176585
27.25 0.0285189 0.174437
27.255 0.0207757 0.169302
27.26 0.0151349 0.164447
27.265 0.0110256 0.159193
27.27 0.0250916 0.156795
27.275 0.018279 0.155052
27.28 0.013316 0.15668
27.285 0.0097006 0.16134
27.29 0.00706679 0.167677
27.295 0.0222076 0.174488
27.3 0.016178 0.180968
27.305 0.0117855 0.186534
27.31 0.0085856 0.188764
27.315 0.00625452 0.185674
27.32 0.0216159 0.178815
27.325 0.0157469 0.172249
27.33 0.0114715 0.16794
27.335 0.00835684 0.166631
27.34 0.0231474 0.170433
27.345 0.0168626 0.178091
27.35 0.0293438 0.18775
27.355 0.0213767 0.197305
27.36 0.0326322 0.205706
27.365 0.0237722 0.210388
27.37 0.0343773 0.21111
27.375 0.042103 0.20852
27.38 0.0306716 0.203613
27.385 0.0394035 0.198561
27.39 0.0287051 0.191292
27.395 0.0379708 0.183479
27.4 0.0276614 0.17851
27.405 0.020151 0.177388
27.41 0.0317394 0.180956
27.415 0.0231218 0.188316
27.42 0.0339035 0.197156
27.425 0.0417579 0.20576
27.43 0.0304202 0.212702
27.435 0.0392203 0.219693
27.44 0.0285716 0.224767
27.445 0.0378736 0.225373
27.45 0.0275906 0.221401
27.455 0.0200994 0.21494
27.46 0.0146422 0.208824
27.465 0.0277262 0.203877
27.47 0.0201983 0.200604
27.475 0.0147142 0.197585
27.48 0.0107192 0.195637
27.485 0.0248683 0.196463
27.49 0.0181163 0.198933
27.495 0.030257 0.20154
27.5 0.022042 0.20463
27.505 0.0331168 0.209622
27.51 0.0411847 0.213297
27.515 0.0470622 0.213379
27.52 0.0342843 0.212015
27.525 0.0420352 0.211453
27.53 0.0306222 0.20877
27.535 0.0393674 0.20246
27.54 0.0286788 0.191631
27.545 0.0208922 0.179669
27.55 0.0152198 0.167684
27.555 0.0110875 0.154989
27.56 0.00807714 0.14217
27.565 0.00588417 0.13224
27.57 0.00428653 0.128711
27.575 0.00312269 0.129741
27.58 0.00227487 0.13543
27.585 0.0187168 0.147427
27.59 0.0136349 0.162089
27.595 0.00993288 0.174122
27.6 0.0242955 0.183749
27.605 0.0176991 0.189586
27.61 0.0128936 0.189585
27.615 0.0093928 0.181982
27.62 0.00684255 0.168583
27.625 0.00498474 0.155186
27.63 -0.0134282 0.143181
27.635 -0.00978225 0.135575
27.64 -0.00712627 0.133588
27.645 -0.00519139 0.137682
27.65 0.0132776 0.145961
27.655 0.00967258 0.156686
27.66 0.0241058 0.167772
27.665 0.0175609 0.175523
27.67 0.0298524 0.178522
27.675 0.0217472 0.175677
27.68 0.0329021 0.166689
27.685 0.0239689 0.153933
27.69 0.0174611 0.139187
27.695 0.0127202 0.124381
27.7 -0.00779295 0.112067
27.705 -0.0056771 0.10444
27.71 -0.00413567 0.101228
27.715 -0.00301278 0.103452
27.72 -0.00219476 0.110366
27.725 -0.00159883 0.119791
27.73 -0.00116473 0.129785
27.735 -0.000848532 0.139768
27.74 -0.0006181 0.147485
27.745 0.0166092 0.152166
27.75 0.0120996 0.150963
27.755 0.00881445 0.146413
27.76 0.0234807 0.141138
27.765 0.0171055 0.134018
27.77 0.0124612 0.126219
27.775 0.00907791 0.117898
27.78 -0.0104463 0.10942
27.785 -0.00761002 0.103186
27.79 -0.00554383 0.0984011
27.795 -0.00403863 0.0925788
27.8 -0.0200016 0.0872544
27.805 -0.014571 0.0841689
27.81 -0.0106148 0.0831729
27.815 -0.00773269 0.0842271
27.82 -0.00563318 0.0849411
27.825 -0.00410372 0.0849061
27.83 -0.00298947 0.0819047
27.835 -0.00217783 0.0776998
27.84 -0.018646 0.073256
27.845 -0.0135834 0.0679719
27.85 -0.00989532 0.0617538
27.855 -0.0242681 0.0531936
27.86 -0.0176791 0.046207
27.865 -0.012879 0.0393354
27.87 -0.0264418 0.0322557
27.875 -0.0192626 0.0269358
27.88 -0.031092 0.0207834
27.885 -0.0226502 0.0176721
27.89 -0.0335599 0.0172029
27.895 -0.024448 0.017775
27.9 -0.0348696 0.0174785
27.905 -0.0254022 0.019246
27.91 -0.0185052 0.0245558
27.915 -0.0134809 0.0295262
27.92 -0.0098207 0.0309571
27.925 -0.0242138 0.0292579
27.93 -0.0176395 0.0260215
27.935 -0.0128502 0.0215802
27.94 -0.00936121 0.0164984
27.945 -0.023879 0.0113723
27.95 -0.0344551 0.00383883
27.955 -0.0251002 -0.00200353
27.96 -0.0353448 -0.00678257
27.965 -0.0428079 -0.00937217
27.97 -0.031185 -0.00694177
27.975 -0.0397775 -0.0016761
27.98 -0.0289775 0.00454543
27.985 -0.0381693 0.00850978
27.99 -0.0448654 0.0127844
27.995 -0.032684 0.0154088
28 -0.0238099 0.015373
28.005 -0.0344048 0.0117431
28.01 -0.042123 0.00447406
28.015 -0.0306861 -0.00142612
28.02 -0.039414 -0.0101168
28.025 -0.0457722 -0.0188363
28.03 -0.0504041 -0.0255562
28.035 -0.0367188 -0.0289393
28.04 -0.0438088 -0.0286194
28.045 -0.0319142 -0.0255329
28.05 -0.0403086 -0.0206924
28.055 -0.0293644 -0.0142488
28.06 -0.0384511 -0.00914373
28.065 -0.0280112 -0.00452143
28.07 -0.0374654 -0.00318452
28.075 -0.0272931 -0.00406053
28.08 -0.0369422 -0.00640373
28.085 -0.0439715 -0.0108065
28.09 -0.0490923 -0.0188417
28.095 -0.0528227 -0.0261978
28.1 -0.0555403 -0.032175
28.105 -0.05752 -0.0346453
28.11 -0.0760218 -0.0335283
28.115 -0.0724405 -0.029355
28.12 -0.0698317 -0.0230542
28.125 -0.0679312 -0.0168455
28.13 -0.0494871 -0.00828422
28.135 -0.0531103 -0.0001407
28.14 -0.0557498 0.00612863
28.145 -0.0406131 0.00954025
28.15 -0.0466457 0.00864896
28.155 -0.0339809 0.00551124
28.16 -0.0247547 9.39513e-05
28.165 -0.0350931 -0.00683447
28.17 -0.0426244 -0.0147832
28.175 -0.0310514 -0.0198477
28.18 -0.0396802 -0.0213926
28.185 -0.0289066 -0.0196987
28.19 -0.0381176 -0.0166229
28.195 -0.0277683 -0.0127651
28.2 -0.0372884 -0.00956582
28.205 -0.0442237 -0.00665045
28.21 -0.0322165 -0.0039639
28.215 -0.0405289 -0.00308982
28.22 -0.0465844 -0.00605979
28.225 -0.0339362 -0.00811033
28.23 -0.0417817 -0.00784823
28.235 -0.0304375 -0.00431259
28.24 -0.0392329 -0.00011736
28.245 -0.0456403 0.00517254
28.25 -0.0332485 0.0100015
28.255 -0.0412807 0.0114748
28.26 -0.047132 0.0112153
28.265 -0.0343352 0.00820538
28.27 -0.0420723 0.00288582
28.275 -0.0306492 -0.00348845
28.28 -0.0393872 -0.0113577
28.285 -0.0286931 -0.0166041
28.29 -0.0379622 -0.0168662
28.295 -0.027655 -0.011836
28.3 -0.0201464 -0.00306509
28.305 -0.0317359 0.00765923
28.31 -0.0231193 0.017777
28.315 -0.0168422 0.0235818
28.32 -0.0122693 0.0249969
28.325 -0.0259976 0.0190701
28.33 -0.018939 0.0091309
28.335 -0.0308564 -0.00394903
28.34 -0.0224785 -0.0167403
28.345 -0.0334349 -0.0264541
28.35 -0.0414165 -0.0328682
28.355 -0.047231 -0.0350943
28.36 -0.0514668 -0.0316682
28.365 -0.037493 -0.021053
28.37 -0.0443728 -0.00690203
28.375 -0.0323251 0.00627992
28.38 -0.040608 0.0165266
28.385 -0.0295825 0.0227297
28.39 -0.0386101 0.0236805
28.395 -0.028127 0.0204046
28.4 -0.0375498 0.010257
28.405 -0.0444141 -0.00521431
28.41 -0.0494147 -0.0219616
28.415 -0.0359981 -0.0353258
28.42 -0.0432838 -0.0440898
28.425 -0.0485913 -0.0473846
28.43 -0.0353982 -0.0441528
28.435 -0.0428467 -0.0368313
28.44 -0.0312134 -0.0265094
28.445 -0.0397981 -0.0161198
28.45 -0.0289925 -0.00683875
28.455 -0.0381803 -0.00149427
28.46 -0.027814 0.00268282
28.465 -0.0373217 0.00263668
28.47 -0.0271885 -0.0019625
28.475 -0.036866 -0.00807374
28.48 -0.043916 -0.0139066
28.485 -0.0490519 -0.0186117
28.49 -0.0527933 -0.0234637
28.495 -0.0555189 -0.0265541
28.5 -0.0575044 -0.0271406
28.505 -0.0418914 -0.022612
28.51 -0.0475769 -0.0141133
28.515 -0.0346593 -0.0031499
28.52 -0.025249 0.0057287
28.525 -0.0354531 0.0133789
28.53 -0.0258272 0.021866
28.535 -0.0188149 0.0284376
28.54 -0.030766 0.0312546
28.545 -0.0224127 0.0319126
28.55 -0.0163274 0.0297854
28.555 -0.0289539 0.0261149
28.56 -0.0210926 0.0226693
28.565 -0.0324253 0.0199127
28.57 -0.0236214 0.0178
28.575 -0.0342675 0.0169377
28.58 -0.0249635 0.0182855
28.585 -0.0181857 0.0216642
28.59 -0.0303076 0.0250509
28.595 -0.0220788 0.0279294
28.6 -0.0160842 0.0310326
28.605 -0.0117172 0.0343735
28.61 -0.0085358 0.0374271
28.615 -0.00621825 0.0383978
28.62 -0.00453001 0.0362632
28.625 -0.00330007 0.0313532
28.63 -0.0194635 0.0231373
28.635 -0.0312386 0.0131325
28.64 -0.022757 0.00252976
28.645 -0.0336377 -0.00926406
28.65 -0.0245048 -0.0180658
28.655 -0.034911 -0.0225847
28.66 -0.0254323 -0.0213088
28.665 -0.0185272 -0.0154762
28.67 -0.0305564 -0.00640398
28.675 -0.02226 0.00372712
28.68 -0.0332756 0.0120523
28.685 -0.024241 0.0187779
28.69 -0.0176593 0.0222783
28.695 -0.0299242 0.0224397
28.7 -0.0217995 0.021662
28.705 -0.0329403 0.0184675
28.71 -0.0239966 0.0135908
28.715 -0.0345408 0.00888857
28.72 -0.0251626 0.00684114
28.725 -0.0353903 0.00756318
28.73 -0.0257815 0.0115827
28.735 -0.035841 0.0175028
28.74 -0.0261098 0.0250926
28.745 -0.0190207 0.0319204
28.75 0.00320309 0.0377613
28.755 0.0023334 0.0410143
28.76 0.00169981 0.0417193
28.765 0.00123829 0.0408723
28.77 0.000902057 0.0378118
28.775 0.000657141 0.0330408
28.78 -0.0165809 0.0268929
28.785 -0.012079 0.0201006
28.79 -0.00879943 0.0148868
28.795 -0.0234698 0.0116074
28.8 -0.0170975 0.0114351
28.805 -0.0124553 0.0144636
28.81 -0.0261331 0.0159238
28.815 -0.0190377 0.0155152
28.82 -0.0309283 0.0129204
28.825 -0.0395905 0.00828037
28.83 -0.0288413 0.000804761
28.835 -0.0380702 -0.00639919
28.84 -0.0277338 -0.0108618
28.845 -0.0202037 -0.0132437
28.85 -0.0147183 -0.011612
28.855 -0.0277817 -0.0102044
28.86 -0.0202387 -0.00764656
28.865 -0.0147437 -0.00728128
28.87 -0.0107407 -0.00835867
28.875 -0.024884 -0.0106095
28.88 -0.0351873 -0.0156846
28.885 -0.0256336 -0.0193553
28.89 -0.0186738 -0.0233775
28.895 -0.0306632 -0.0243484
28.9 -0.0393974 -0.0217883
28.905 -0.0287006 -0.0162095
28.91 -0.0379677 -0.0127579
28.915 -0.0276591 -0.0109774
28.92 -0.0372089 -0.0104657
28.925 -0.0441657 -0.0115192
28.93 -0.0321742 -0.0119312
28.935 -0.0404983 -0.0146148
28.94 -0.0295026 -0.0154135
28.945 -0.0385517 -0.0170275
28.95 -0.0280845 -0.0172404
28.955 -0.0375189 -0.0196068
28.96 -0.0443915 -0.0242596
28.965 -0.0323387 -0.0274154
28.97 -0.0406181 -0.0346966
28.975 -0.0295899 -0.0395709
28.98 -0.0386156 -0.0428413
28.985 -0.0451906 -0.0425361
28.99 -0.0329208 -0.0381167
28.995 -0.0239825 -0.0308874
29 -0.0345305 -0.021131
29.005 -0.0251552 -0.0124557
29.01 -0.0183253 -0.00451664
29.015 -0.0133498 0.00178434
29.02 -0.0267847 0.00603898
29.025 -0.0195123 0.00920821
29.03 -0.0142145 0.0070774
29.035 -0.0274148 0.000924761
29.04 -0.0199714 -0.00668936
29.045 -0.0316083 -0.0149314
29.05 -0.0230263 -0.02004
29.055 -0.033834 -0.0264038
29.06 -0.0417072 -0.0298099
29.065 -0.0474428 -0.029068
29.07 -0.0345616 -0.0226978
29.075 -0.0251777 -0.0132918
29.08 -0.0183418 -0.00304497
29.085 -0.0133618 0.00846673
29.09 -0.00973392 0.0202452
29.095 -0.00709116 0.0291334
29.1 -0.00516582 0.0327456
29.105 -0.00376332 0.0297805
29.11 -0.00274158 0.0232288
29.115 -0.00199711 0.0162977
29.12 -0.00145495 0.011597
29.125 -0.0181193 0.00581616
29.13 -0.0131998 0.00391783
29.135 -0.0096159 0.00669646
29.14 -0.0070051 0.0127255
29.145 -0.00510311 0.0210812
29.15 -0.0207771 0.0289052
29.155 -0.0151359 0.035263
29.16 -0.0110264 0.0397615
29.165 -0.00803268 0.0436629
29.17 -0.00585175 0.0434751
29.175 -0.0213226 0.0391866
29.18 -0.0155333 0.0345508
29.185 -0.0113158 0.030665
29.19 -0.00824344 0.0296415
29.195 -0.00600529 0.0312125
29.2 -0.00437486 0.0359126
29.205 -0.00318694 0.0432277
29.21 -0.00232172 0.0508855
29.215 -0.00169134 0.060041
29.22 -0.00123215 0.0662148
29.225 -0.000897646 0.0712445
29.23 -0.000653863 0.0747361
29.235 -0.00047636 0.0745048
29.24 -0.000347137 0.0714418
29.245 -0.0173124 0.0641927
29.25 -0.0126119 0.0564645
29.255 -0.0262473 0.049325
29.26 -0.0191209 0.0455955
29.265 -0.0139294 0.0452298
29.27 -0.0101473 0.0484162
29.275 -0.00739229 0.0529991
29.28 -0.0224446 0.0567036
29.285 -0.0163506 0.06123
29.29 -0.0119113 0.0633015
29.295 -0.00867724 0.0610365
29.3 -0.00632131 0.0563519
29.305 -0.00460505 0.0512853
29.31 -0.00335467 0.0467454
29.315 -0.00244379 0.0450462
29.32 -0.00178027 0.0491682
29.325 -0.001297 0.0576912
29.33 0.0161144 0.0709166
29.335 0.0117391 0.0870366
29.34 0.00855172 0.102025
29.345 0.00622988 0.112837
29.35 -0.012521 0.118126
29.355 -0.00912142 0.119314
29.36 -0.00664485 0.115328
29.365 -0.00484073 0.10859
29.37 -0.00352633 0.100389
29.375 -0.00256896 0.0923964
29.38 -0.00187147 0.0902732
29.385 0.015696 0.0944551
29.39 0.0114343 0.102527
29.395 0.00832975 0.114553
29.4 0.0231276 0.127479
29.405 0.0339077 0.138695
29.41 0.0247014 0.144005
29.415 0.0350542 0.143924
29.42 0.0425963 0.141183
29.425 0.0310309 0.133605
29.43 0.0396651 0.124944
29.435 0.0288956 0.116666
29.44 0.0210501 0.10981
29.445 0.0153347 0.105804
29.45 0.0111712 0.107447
29.455 0.00813806 0.114136
29.46 0.0229881 0.125745
29.465 0.0167465 0.138184
29.47 0.0121996 0.148306
29.475 0.00888729 0.153882
29.48 0.00647426 0.155255
29.485 0.0217758 0.15404
29.49 0.0158634 0.149334
29.495 0.0115564 0.144051
29.5 0.00841868 0.140008
29.505 0.0231924 0.139415
29.51 0.0168954 0.142542
29.515 0.0293676 0.14785
29.52 0.0384536 0.154613
29.525 0.028013 0.158807
29.53 0.0374666 0.159678
29.535 0.0443536 0.159009
29.54 0.0323111 0.158663
29.545 0.0405977 0.159264
29.55 0.0466346 0.159523
29.555 0.0339727 0.158268
29.56 0.0418084 0.159079
29.565 0.030457 0.161702
29.57 0.039247 0.16605
29.575 0.028591 0.171355
29.58 0.0378878 0.1782
29.585 0.0276009 0.184997
29.59 0.0371664 0.192091
29.595 0.0270752 0.19733
29.6 0.0367836 0.202559
29.605 0.0438559 0.20795
29.61 0.0319486 0.2098
29.615 0.0403337 0.20937
29.62 0.0464422 0.209264
29.625 0.0508922 0.210854
29.63 0.054134 0.214765
29.635 0.039436 0.218137
29.64 0.0628478 0.223488
29.645 0.0628433 0.229413
29.65 0.0628402 0.235143
29.655 0.062838 0.238744
29.66 0.0798958 0.241122
29.665 0.0752628 0.240912
29.67 0.0718876 0.239091
29.675 0.0694288 0.236568
29.68 0.0676376 0.231921
29.685 0.0663328 0.22662
29.69 0.0653822 0.221271
29.695 0.0476303 0.21689
29.7 0.0517577 0.213759
29.705 0.0547644 0.209873
29.71 0.0569547 0.206142
29.715 0.0414909 0.202109
29.72 0.0472851 0.197097
29.725 0.0515063 0.193184
29.73 0.0375217 0.189482
29.735 0.0443937 0.185937
29.74 0.0493998 0.184464
29.745 0.0530467 0.185538
29.75 0.0557035 0.189046
29.755 0.0405794 0.193774
29.76 0.0466211 0.198228
29.765 0.0510225 0.203279
29.77 0.0542289 0.210224
29.775 0.0395051 0.216099
29.78 0.0458386 0.220314
29.785 0.0333929 0.221397
29.79 0.0413859 0.221238
29.795 0.0472087 0.222272
29.8 0.034391 0.224065
29.805 0.042113 0.228002
29.81 0.0477384 0.233415
29.815 0.0518364 0.238681
29.82 0.0548218 0.243171
29.825 0.0569966 0.24681
29.83 0.0585809 0.250045
29.835 0.0767946 0.253495
29.84 0.0730036 0.256951
29.845 0.0702418 0.259629
29.85 0.0852894 0.259839
29.855 0.079192 0.258959
29.86 0.0918095 0.259485
29.865 0.0839417 0.260375
29.87 0.0782102 0.257972
29.875 0.0910943 0.254549
29.88 0.0834208 0.251351
29.885 0.0778306 0.249789
29.89 0.0737583 0.25031
29.895 0.0707916 0.248862
29.9 0.051571 0.248886
29.905 0.0546284 0.244111
29.91 0.0568557 0.239984
29.915 0.0414188 0.234902
29.92 0.0472327 0.229042
29.925 0.051468 0.223637
29.93 0.0374939 0.215929
29.935 0.0614329 0.212819
29.94 0.0447532 0.208992
29.945 0.0496618 0.209072
29.95 0.0702971 0.210528
29.955 0.0512107 0.209583
29.96 0.0714255 0.208033
29.965 0.0520327 0.201955
29.97 0.0549648 0.19844
29.975 0.0571008 0.195123
29.98 0.0586568 0.191207
29.985 0.0427309 0.186187
29.99 0.031129 0.179331
29.995 0.0397367 0.173823
30 0.0289478 0.168037
