# Generated from ../data/13JUL2013/000.dat
time steer steer_est v v_c
20 0.000628319 0 0 0
20.02 0.000628319 0 0 0
20.04 0.000628319 0 0 0
20.06 0.000628319 0 0 0
20.08 0.000628319 0 0 0
20.1 0.000628319 0 0 0
20.12 0.000628319 0 0 0
20.14 0.000628319 0 0 0
20.16 0.000628319 0 0 0
20.18 0.000628319 0 0 0
20.2 0.000628319 0 0 0
20.22 0.000628319 0 0 0
20.24 0.000628319 0 0 0
20.26 0.000628319 0 0 0
20.28 0.000628319 0 0 0
20.3 0.000628319 0 0 0
20.32 0.000628319 0 0 0
20.34 0.000628319 0 0 0
20.36 0.000628319 0 0 0
20.38 0.000628319 0 0 0
20.4 0.000628319 0 0 0
20.42 0.000628319 0 0 0
20.44 0.000628319 0 0 0
20.46 0.000628319 0 0 0
20.48 0.000628319 0 0 0
20.5 0.000628319 0 0 0
20.52 0.000628319 0 0 0
20.54 0.000628319 0 0 0
20.56 0.000628319 0 0 0
20.58 0.000628319 0 0 0
20.6 0.000628319 0 0 0
20.62 0.000628319 0 0 0
20.64 0.000628319 0 0 0
20.66 0.000628319 0 0 0
20.68 0.000628319 0 0 0
20.7 0.000628319 0 0 0
20.72 0.000628319 0 0 0
20.74 0.000628319 0 0 0
20.76 0.000628319 0 0 0
20.78 0.000628319 0 0 0
20.8 0.000628319 0 0 0
20.82 0.000628319 0 0 0
20.84 0.000628319 0 0 0
20.86 0.000628319 0 0 0
20.88 0.000628319 0 0 2
20.9 0.000942478 0 0 2
20.92 0.000314159 0 0 2
20.94 0 0 0.0150332 2
20.96 -0.000628319 0 0.039216 2
20.98 -0.0015708 0 0.0612286 2
21 -0.00282743 0 0.0921241 2
21.02 -0.00376991 0 0.134519 2
21.04 -0.00471239 0 0.154121 2
21.06 -0.00534071 0 0.175905 2
21.08 -0.00565487 0 0.210194 2
21.1 -0.00565487 0 0.246628 2
21.12 -0.00565487 0 0.266429 2
21.14 -0.00565487 0 0.292078 2
21.16 -0.00565487 0 0.322708 2
21.18 -0.00596903 0 0.345307 2
21.2 -0.00659734 0 0.369392 2
21.22 -0.00722566 0 0.398352 2
21.24 -0.00816814 0 0.432435 2
21.26 -0.00911062 0 0.472269 2
21.28 -0.00942478 0 0.492089 2
21.3 -0.00973894 0 0.518681 2
21.32 -0.0103673 0 0.54612 2
21.34 -0.0116239 0 0.571277 2
21.36 -0.0125664 0 0.60083 2
21.38 -0.0131947 0 0.644133 2
21.4 -0.013823 0 0.668387 2
21.42 -0.0144513 0 0.703056 2
21.44 -0.0150796 0 0.721421 2
21.46 -0.0163363 0 0.747604 2
21.48 -0.0179071 0 0.78047 2
21.5 -0.0194779 0 0.81336 2
21.52 -0.0210487 0 0.845092 2
21.54 -0.0219911 0 0.871458 2
21.56 -0.0232478 0 0.919844 2
21.58 -0.0245044 0 0.934805 2
21.6 -0.0263894 0 0.962549 2
21.62 -0.0279602 -0.0283362 1.0006 2
21.64 -0.029531 -0.0298947 1.03841 2
21.66 -0.0311018 -0.0315665 1.0608 2
21.68 -0.0270177 -0.0296643 1.10806 2
21.7 -0.0232478 -0.0236367 1.12998 2
21.72 -0.0175929 -0.0154778 1.16744 2
21.74 -0.0122522 -0.00757217 1.18062 2
21.76 -0.00534071 0.000483854 1.20103 2
21.78 0.00345575 0.0098494 1.22053 2
21.8 0.0131947 0.0197381 1.24725 2
21.82 0.021677 0.028895 1.26747 2
21.84 0.0289027 0.0371767 1.28188 2
21.86 0.0348717 0.0438716 1.30443 2
21.88 0.0398982 0.0488006 1.32347 2
21.9 0.0458673 0.0535824 1.34784 2
21.92 0.0508938 0.0580461 1.35711 2
21.94 0.0537212 0.0611452 1.38073 2
21.96 0.0549779 0.0624861 1.40387 2
21.98 0.0549779 0.062504 1.41624 2
22 0.0549779 0.0614665 1.44202 2
22.02 0.055292 0.0604419 1.46196 2
22.04 0.0556062 0.0599442 1.46651 2
22.06 0.0537212 0.0582521 1.49133 2
22.08 0.0502655 0.0545234 1.502 2
22.1 0.047438 0.0504313 1.51529 2
22.12 0.0458673 0.0477259 1.53424 2
22.14 0.0442965 0.0456471 1.54924 2
22.16 0.0420973 0.0431642 1.55346 2
22.18 0.0389557 0.0400701 1.57695 2
22.2 0.0361283 0.0370281 1.60223 2
22.22 0.0342434 0.0346187 1.60828 2
22.24 0.0326726 0.0323656 1.62373 2
22.26 0.0304734 0.0300891 1.63429 2
22.28 0.0273319 0.0274464 1.64453 2
22.3 0.0248186 0.0248858 1.65043 2
22.32 0.0229336 0.0226924 1.66176 2
22.34 0.0219911 0.0211513 1.6684 2
22.36 0.0204204 0.0198131 1.67502 2
22.38 0.0185354 0.0180103 1.68717 2
22.4 0.0163363 0.0160115 1.69551 2
22.42 0.0144513 0.0140479 1.70513 2
22.44 0.0125664 0.0119984 1.7156 2
22.46 0.0109956 0.00998596 1.7303 2
22.48 0.00879646 0.00791793 1.73812 2
22.5 0.00628319 0.00553261 1.73349 2
22.52 0.00376991 0.00299354 1.75634 2
22.54 0.00219911 0.00112738 1.75512 2
22.56 0.000942478 -0.000329796 1.75454 2
22.58 0 -0.00139762 1.76848 2
22.6 -0.00125664 -0.00232195 1.77228 2
22.62 -0.00251327 -0.00324317 1.77587 2
22.64 -0.00345575 -0.0042871 1.78717 2
22.66 -0.00376991 -0.00495985 1.78721 2
22.68 -0.00376991 -0.00470915 1.79763 2
22.7 -0.00439823 -0.00449949 1.79821 2
22.72 -0.00502655 -0.00474414 1.81593 2
22.74 -0.00565487 -0.00500494 1.82079 2
22.76 -0.00565487 -0.00510779 1.82691 2
22.78 -0.00596903 -0.00540135 1.83115 2
22.8 -0.00596903 -0.00564302 1.83581 2
22.82 -0.00596903 -0.00527683 1.8474 2
22.84 -0.00628319 -0.00528933 1.85213 2
22.86 -0.00659734 -0.00546056 1.85346 2
22.88 -0.00659734 -0.0051619 1.85858 2
22.9 -0.00628319 -0.00494437 1.86002 2
22.92 -0.00628319 -0.00502547 1.86389 2
22.94 -0.00628319 -0.00480887 1.86497 2
22.96 -0.00628319 -0.00462661 1.87003 2
22.98 -0.00659734 -0.00489357 1.8808 2
23 -0.00659734 -0.00488903 1.88277 2
23.02 -0.00659734 -0.00476699 1.87952 2
23.04 -0.00628319 -0.0047584 1.8786 2
23.06 -0.00628319 -0.00454822 1.87186 2
23.08 -0.00628319 -0.00425762 1.87657 2
23.1 -0.00596903 -0.00421102 1.88504 2
23.12 -0.00565487 -0.00384581 1.8849 2
23.14 -0.00534071 -0.00315085 1.88738 2
23.16 -0.00534071 -0.00284612 1.88808 2
23.18 -0.00502655 -0.00257688 1.8908 2
23.2 -0.00439823 -0.00160098 1.90408 2
23.22 -0.00376991 -0.000806048 1.89899 2
23.24 -0.00314159 -0.000427922 1.90416 2
23.26 -0.00282743 -3.90367e-05 1.91621 2
23.28 -0.00282743 8.91949e-06 1.91615 2
23.3 -0.00251327 -0.000101324 1.91016 2
23.32 -0.00219911 0.000183669 1.91444 2
23.34 -0.00219911 0.000612615 1.90314 2
23.36 -0.00219911 0.000713452 1.90626 2
23.38 -0.00188496 0.000876648 1.91083 2
23.4 -0.000942478 0.00166914 1.90643 2
23.42 -0.000314159 0.0024718 1.90059 2
23.44 0 0.00286598 1.91627 2
23.46 0 0.0028397 1.91365 2
23.48 0 0.00270571 1.91197 2
23.5 0.000628319 0.00284181 1.91021 2
23.52 0.000942478 0.00306328 1.90072 2
23.54 0.000942478 0.00323836 1.90558 2
23.56 0.000942478 0.00332175 1.90718 2
23.58 0.000628319 0.00308059 1.90886 2
23.6 0.000314159 0.00250266 1.90379 2
23.62 0.000628319 0.00211136 1.91846 2
23.64 0.000628319 0.00207971 1.92707 2
23.66 0.000628319 0.00218104 1.9134 2
23.68 0.000314159 0.00214638 1.91536 2
23.7 0.000314159 0.00204307 1.91591 2
23.72 0.000628319 0.00210755 1.91009 2
23.74 0.000942478 0.00262135 1.90967 2
23.76 0.000942478 0.00271527 1.90401 2
23.78 0.000628319 0.00219231 1.90902 2
23.8 0.000628319 0.00210345 1.9244 2
23.82 0.000942478 0.00247351 1.91264 2
23.84 0.000628319 0.00231082 1.90485 2
23.86 0.000628319 0.00237393 1.91876 2
23.88 0.000628319 0.00268282 1.91687 2
23.9 0.000628319 0.00266014 1.91634 2
23.92 0.000314159 0.00231227 1.91964 2
23.94 0.000628319 0.00231264 1.93215 2
23.96 0.000628319 0.00246773 1.91958 2
23.98 0.000628319 0.00277322 1.91962 2
24 0.000314159 0.00294168 1.92186 2
24.02 0.000628319 0.00282457 1.92803 2
24.04 0.00125664 0.00321291 1.92094 2
24.06 0.00188496 0.00412134 1.92569 2
24.08 0.00188496 0.00433404 1.93637 2
24.1 0.00188496 0.00430151 1.92803 2
24.12 0.00219911 0.00458869 1.9302 2
24.14 0.00219911 0.00474666 1.9411 2
24.16 0.00219911 0.00455595 1.92937 2
24.18 0.00251327 0.00465297 1.94087 2
24.2 0.00282743 0.00516875 1.94304 2
24.22 0.00282743 0.00561344 1.94366 2
24.24 0.00282743 0.00585345 1.94132 2
24.26 0.00314159 0.00594049 1.94793 2
24.28 0.00345575 0.00631102 1.94504 2
24.3 0.00408407 0.00702718 1.94423 2
24.32 0.00408407 0.00737017 1.95428 2
24.34 0.00408407 0.00731735 1.94576 2
24.36 0.00439823 0.00735726 1.94442 2
24.38 0.00471239 0.00760726 1.94059 2
24.4 0.00471239 0.00774411 1.93268 2
24.42 0.00471239 0.00774135 1.93705 2
24.44 0.00502655 0.00794563 1.93851 2
24.46 0.00565487 0.00860776 1.93986 2
24.48 0.00596903 0.00916373 1.93801 2
24.5 0.00628319 0.00928587 1.94224 2
24.52 0.00659734 0.00968409 1.94343 2
24.54 0.0069115 0.0101941 1.93902 2
24.56 0.00659734 0.00992811 1.94252 2
24.58 0.00659734 0.00941056 1.94351 2
24.6 0.0069115 0.00929078 1.9335 2
24.62 0.00659734 0.00891603 1.95232 2
24.64 0.00596903 0.00787679 1.94866 2
24.66 0.00534071 0.00700034 1.94524 2
24.68 0.00502655 0.00645577 1.94679 2
24.7 0.00471239 0.00596597 1.94946 2
24.72 0.00471239 0.00568493 1.94546 2
24.74 0.00408407 0.00521937 1.9478 2
24.76 0.00376991 0.00466865 1.94845 2
24.78 0.00376991 0.00435754 1.95547 2
24.8 0.00345575 0.00409847 1.95084 2
24.82 0.00345575 0.00371051 1.9506 2
24.84 0.00345575 0.00366111 1.94924 2
24.86 0.00282743 0.00350134 1.9454 2
24.88 0.00251327 0.00302889 1.95461 2
24.9 0.00219911 0.00262085 1.9634 2
24.92 0.00188496 0.00240289 1.95308 2
24.94 0.00188496 0.00250289 1.95469 2
24.96 0.0015708 0.00252458 1.98298 2
24.98 0.000942478 0.00208675 1.9635 2
25 0.000628319 0.00162777 1.98072 2
25.02 0.000314159 0.00137654 1.9779 2
25.04 -0.000314159 0.000800621 1.98846 2
25.06 -0.000942478 2.64163e-05 1.97533 2
25.08 -0.0015708 -0.000400131 1.97745 2
25.1 -0.00188496 -0.000707992 1.98358 2
25.12 -0.00219911 -0.00115888 1.98899 2
25.14 -0.00251327 -0.00151089 1.98829 2
25.16 -0.00282743 -0.00203625 1.9963 2
25.18 -0.00345575 -0.00265362 2.0033 2
25.2 -0.00408407 -0.00319796 1.99232 2
25.22 -0.00471239 -0.00383182 1.99743 2
25.24 -0.00471239 -0.00408651 2.00139 2
25.26 -0.00471239 -0.00397683 1.99747 2
25.28 -0.00502655 -0.00400747 1.9929 2
25.3 -0.00565487 -0.00448209 1.9976 2
25.32 -0.00565487 -0.00461834 1.98388 2
25.34 -0.00565487 -0.00438736 1.99612 2
25.36 -0.00565487 -0.00416914 2.00879 2
25.38 -0.00596903 -0.00429751 2.03231 2
25.4 -0.00596903 -0.00434689 2.02758 2
25.42 -0.00596903 -0.00438758 2.02731 2
25.44 -0.00628319 -0.00481146 2.04227 2
25.46 -0.00628319 -0.00542528 2.03039 2
25.48 -0.00628319 -0.00551056 2.02335 2
25.5 -0.0069115 -0.00556915 2.02612 2
25.52 -0.00753982 -0.00610674 2.0269 2
25.54 -0.00785398 -0.00666992 2.02237 2
25.56 -0.00753982 -0.00672463 2.02584 2
25.58 -0.00753982 -0.00663787 2.02682 2
25.6 -0.00753982 -0.00649785 2.02235 2
25.62 -0.00785398 -0.00653609 2.02584 2
25.64 -0.00816814 -0.00678725 2.02682 2
25.66 -0.00816814 -0.00715147 2.01206 2
25.68 -0.0084823 -0.00751491 2.024 2
25.7 -0.0084823 -0.00796843 2.02976 2
25.72 -0.00911062 -0.00851957 2.02793 2
25.74 -0.00973894 -0.00918833 2.02741 2
25.76 -0.0103673 -0.00995075 2.03547 2
25.78 -0.0109956 -0.0107511 2.02953 2
25.8 -0.0109956 -0.0110071 2.03132 2
25.82 -0.0113097 -0.0111102 2.03865 2
25.84 -0.0122522 -0.0118266 2.04009 2
25.86 -0.0128805 -0.0125921 2.04587 2
25.88 -0.0125664 -0.0125427 2.03392 2
25.9 -0.0128805 -0.0126447 2.03256 2
25.92 -0.0135088 -0.0133688 2.01022 2
25.94 -0.013823 -0.0135383 2.01751 2
25.96 -0.013823 -0.0131967 2.00598 2
25.98 -0.0141372 -0.0131666 2.00128 2
26 -0.0141372 -0.0132085 2.00816 2
26.02 -0.0141372 -0.0130319 2.00787 2
26.04 -0.0144513 -0.0131106 2.00181 2
26.06 -0.0147655 -0.0135832 2.01636 2
26.08 -0.0150796 -0.0140778 2.00565 2
26.1 -0.0150796 -0.0140175 2.00592 2
26.12 -0.0150796 -0.0135852 2.00471 2
26.14 -0.0153938 -0.0134982 2.00091 2
26.16 -0.0153938 -0.01351 1.99733 2
26.18 -0.0144513 -0.0128445 2.00136 2
26.2 -0.0141372 -0.0120589 1.99652 2
26.22 -0.0144513 -0.012334 2.00682 2
26.24 -0.0147655 -0.0129856 2.0118 2
26.26 -0.0144513 -0.012668 2.00186 2
26.28 -0.0135088 -0.0116851 2.00012 2
26.3 -0.0131947 -0.0110155 1.98934 2
26.32 -0.0128805 -0.0105457 1.99168 2
26.34 -0.0122522 -0.00962313 1.98905 2
26.36 -0.0113097 -0.00834317 1.98579 2
26.38 -0.0106814 -0.00753494 1.98487 2
26.4 -0.0103673 -0.00701249 1.99187 2
26.42 -0.00942478 -0.00612081 1.97882 2
26.44 -0.00879646 -0.00514179 1.98649 2
26.46 -0.0084823 -0.00456762 1.98758 2
26.48 -0.00753982 -0.00413388 1.97509 2
26.5 -0.00628319 -0.00315751 1.97515 2
26.52 -0.00534071 -0.00185129 1.97265 2
26.54 -0.00534071 -0.00116596 1.96167 2
26.56 -0.00534071 -0.00112731 1.98021 2
26.58 -0.00408407 -0.000519925 1.97554 2
26.6 -0.00219911 0.00115714 1.98305 2
26.62 -0.00125664 0.00243096 1.98662 2
26.64 -0.000628319 0.00302361 1.98985 2
26.66 -0.000628319 0.00350879 1.97825 2
26.68 -0.000314159 0.0036034 1.98381 2
26.7 0.000314159 0.00354651 1.97402 2
26.72 0.00125664 0.00409933 1.98262 2
26.74 0.00188496 0.0047451 1.97369 2
26.76 0.0015708 0.00485454 1.98252 2
26.78 0.00125664 0.00464361 1.96891 2
26.8 0.0015708 0.00456068 1.98118 2
26.82 0.00219911 0.00479964 1.97328 2
26.84 0.00219911 0.00490798 1.97212 2
26.86 0.00219911 0.00487014 1.97179 2
26.88 0.00219911 0.00505365 1.99019 2
26.9 0.00251327 0.00543267 1.97582 2
26.92 0.00282743 0.00567169 1.98787 2
26.94 0.00314159 0.00573095 1.97992 2
26.96 0.00345575 0.0058648 1.98902 2
26.98 0.00345575 0.00612161 1.97549 2
27 0.00345575 0.00625954 1.97749 2
27.02 0.00345575 0.00637261 1.97331 2
27.04 0.00345575 0.00656676 1.98716 2
27.06 0.00376991 0.00712832 1.97022 2
27.08 0.00408407 0.00761705 1.98629 2
27.1 0.00408407 0.007712 1.97947 2
27.12 0.00439823 0.00789471 1.97861 2
27.14 0.00471239 0.00819112 1.96888 2
27.16 0.00439823 0.00816925 1.97434 2
27.18 0.00471239 0.00829988 1.96421 2
27.2 0.00502655 0.00889847 1.96957 2
27.22 0.00565487 0.00951005 1.96762 2
27.24 0.00628319 0.00999792 1.97053 2
27.26 0.00659734 0.0104108 1.96883 2
27.28 0.0069115 0.0106341 1.97684 2
27.3 0.00722566 0.0110076 1.97061 2
27.32 0.00753982 0.0114221 1.96108 2
27.34 0.00785398 0.0117148 1.98003 2
27.36 0.0084823 0.0123717 1.96267 2
27.38 0.00911062 0.0132608 1.96768 2
27.4 0.00973894 0.0138323 1.9658 2
27.42 0.0103673 0.0143418 1.97001 2
27.44 0.0109956 0.0153141 1.963 2
27.46 0.0113097 0.0160358 1.95296 2
27.48 0.0116239 0.0163379 1.9512 2
27.5 0.0122522 0.0167534 1.94941 2
27.52 0.0131947 0.0175459 1.94891 2
27.54 0.013823 0.0181364 1.9556 2
27.56 0.013823 0.0179506 1.9534 2
27.58 0.013823 0.0175563 1.95132 2
27.6 0.0144513 0.0179525 1.95419 2
27.62 0.0144513 0.0184075 1.96054 2
27.64 0.0141372 0.018101 1.95004 2
27.66 0.0147655 0.0181843 1.96664 2
27.68 0.0153938 0.0187577 1.96679 2
27.7 0.0150796 0.0186851 1.96684 2
27.72 0.0150796 0.018198 1.96779 2
27.74 0.0150796 0.0182644 1.96029 2
27.76 0.015708 0.0186863 1.967 2
27.78 0.0153938 0.0186523 1.96007 2
27.8 0.0150796 0.0181077 1.96471 2
27.82 0.0150796 0.0175878 1.96496 2
27.84 0.0147655 0.0171931 1.96978 2
27.86 0.0144513 0.0165219 1.96293 2
27.88 0.013823 0.0155932 1.96575 2
27.9 0.0131947 0.0146611 1.97 2
27.92 0.0131947 0.0141781 1.95839 2
27.94 0.0128805 0.0137724 1.95618 2
27.96 0.0119381 0.0129322 1.95333 2
27.98 0.0113097 0.0120728 1.95253 2
28 0.0106814 0.0114753 1.95914 2
28.02 0.00973894 0.0106454 1.96468 2
28.04 0.00879646 0.00947766 1.96372 2
28.06 0.00816814 0.00866267 1.96943 2
28.08 0.00753982 0.00808966 1.96852 2
28.1 0.00628319 0.00701203 1.96049 2
28.12 0.00471239 0.00560082 1.97987 2
28.14 0.00376991 0.00467997 1.96263 2
28.16 0.00345575 0.0040605 1.97018 2
28.18 0.00251327 0.00318124 1.9665 2
28.2 0.00188496 0.00241232 1.97021 2
28.22 0.000942478 0.0016801 1.96305 2
28.24 0.000314159 0.00103452 1.96578 2
28.26 -0.000628319 0.000379303 1.95375 2
28.28 -0.00125664 -0.000411038 1.95013 2
28.3 -0.0015708 -0.00111273 1.94911 2
28.32 -0.00188496 -0.00138319 1.94788 2
28.34 -0.00251327 -0.00192337 1.95782 2
28.36 -0.00376991 -0.00306101 1.96179 2
28.38 -0.00439823 -0.00370867 1.95607 2
28.4 -0.00502655 -0.00414041 1.95077 2
28.42 -0.00596903 -0.00530525 1.94834 2
28.44 -0.00659734 -0.00642762 1.94766 2
28.46 -0.00722566 -0.00692996 1.94494 2
28.48 -0.00816814 -0.00751825 1.94419 2
28.5 -0.00942478 -0.00864499 1.94398 2
28.52 -0.00973894 -0.00934438 1.94392 2
28.54 -0.0103673 -0.00951095 1.9439 2
28.56 -0.0106814 -0.00972536 1.9439 2
28.58 -0.0113097 -0.010259 1.94138 2
28.6 -0.0116239 -0.0106327 1.94319 2
28.62 -0.0116239 -0.0107263 1.93895 2
28.64 -0.0122522 -0.0112651 1.93998 2
28.66 -0.0128805 -0.0122513 1.94028 2
28.68 -0.0135088 -0.0128294 1.93813 2
28.7 -0.013823 -0.0130711 1.93629 2
28.72 -0.0144513 -0.0135854 1.93449 2
28.74 -0.0150796 -0.014115 1.9365 2
28.76 -0.0147655 -0.0140313 1.93584 2
28.78 -0.0150796 -0.0140497 1.93436 2
28.8 -0.0153938 -0.0144701 1.93646 2
28.82 -0.0160221 -0.015018 1.929 2
28.84 -0.0166504 -0.0158859 1.9335 2
28.86 -0.0169646 -0.0165504 1.93277 2
28.88 -0.0175929 -0.0171008 1.92797 2
28.9 -0.0182212 -0.0177897 1.93322 2
28.92 -0.0188496 -0.0184505 1.92716 2
28.94 -0.0194779 -0.0191414 1.92744 2
28.96 -0.0204204 -0.019925 1.93558 2
28.98 -0.0210487 -0.0208846 1.92781 2
29 -0.021677 -0.0216328 1.92762 2
29.02 -0.0219911 -0.021773 1.93692 2
29.04 -0.0223053 -0.0220285 1.92567 2
29.06 -0.0232478 -0.0227816 1.92702 2
29.08 -0.0235619 -0.0234138 1.93675 2
29.1 -0.0235619 -0.023273 1.92562 2
29.12 -0.0235619 -0.0231684 1.93981 2
29.14 -0.0238761 -0.0233915 1.93929 2
29.16 -0.0241903 -0.0234015 1.92885 2
29.18 -0.0245044 -0.0234379 1.94072 2
29.2 -0.0245044 -0.0235333 1.93954 2
29.22 -0.0245044 -0.0233479 1.92893 2
29.24 -0.0245044 -0.023058 1.94074 2
29.26 -0.0251327 -0.0233691 1.94301 2
29.28 -0.0254469 -0.0236932 1.94019 2
29.3 -0.0254469 -0.0238974 1.94285 2
29.32 -0.0254469 -0.0240357 1.9436 2
29.34 -0.0251327 -0.0235934 1.93907 2
29.36 -0.0254469 -0.0230968 1.94002 2
29.38 -0.0254469 -0.023002 1.9428 2
29.4 -0.0248186 -0.0226057 1.94359 2
29.42 -0.0238761 -0.0216586 1.94381 2
29.44 -0.0235619 -0.0210699 1.95762 2
29.46 -0.0232478 -0.0207682 1.9595 2
29.48 -0.0232478 -0.020188 1.95198 2
29.5 -0.0229336 -0.0197084 1.95092 2
29.52 -0.0219911 -0.0191448 1.95185 2
29.54 -0.0213628 -0.0183273 1.94614 2
29.56 -0.0204204 -0.0174521 1.95733 2
29.58 -0.019792 -0.0165726 1.95388 2
29.6 -0.0191637 -0.0155144 1.95146 2
29.62 -0.0182212 -0.0143751 1.94948 2
29.64 -0.0169646 -0.0130984 1.95145 2
29.66 -0.0153938 -0.0115158 1.94854 2
29.68 -0.0141372 -0.00996969 1.95247 2
29.7 -0.0131947 -0.00889549 1.96134 2
29.72 -0.0122522 -0.00812576 1.95121 2
29.74 -0.0113097 -0.00748499 1.94941 2
29.76 -0.0103673 -0.0066098 1.94797 2
29.78 -0.00942478 -0.00543852 1.9626 2
29.8 -0.00879646 -0.00435743 1.95839 2
29.82 -0.00753982 -0.0031303 1.95512 2
29.84 -0.00596903 -0.00155473 1.95526 2
29.86 -0.00408407 0.000220994 1.95308 2
29.88 -0.00251327 0.00189685 1.96275 2
29.9 -0.0015708 0.00326269 1.96095 2
29.92 -0.000628319 0.00420942 1.96519 2
29.94 0.000314159 0.00487196 1.96386 2
29.96 0.00188496 0.00572791 1.95666 2
29.98 0.00282743 0.00660447 1.9557 2
30 0.00314159 0.00703802 1.9532 2
