# Generated from ../data/13JUL2013/000.dat
time T_rw T_rw_desired T_s T_s_desired
20 0 0 0 0
20.005 0 0 0 0
20.01 0 0 0 0
20.015 0 0 0 0
20.02 0 0 0 0
20.025 0 0 0 0
20.03 0 0 0 0
20.035 0 0 0 0
20.04 0 0 0 0
20.045 0 0 0 0
20.05 0 0 0 0
20.055 0 0 0 0
20.06 0 0 0 0
20.065 0 0 0 0
20.07 0 0 0 0
20.075 0 0 0 0
20.08 0 0 0 0
20.085 0 0 0 0
20.09 0 0 0 0
20.095 0 0 0 0
20.1 0 0 0 0
20.105 0 0 0 0
20.11 0 0 0 0
20.115 0 0 0 0
20.12 0 0 0 0
20.125 0 0 0 0
20.13 0 0 0 0
20.135 0 0 0 0
20.14 0 0 0 0
20.145 0 0 0 0
20.15 0 0 0 0
20.155 0 0 0 0
20.16 0 0 0 0
20.165 0 0 0 0
20.17 0 0 0 0
20.175 0 0 0 0
20.18 0 0 0 0
20.185 0 0 0 0
20.19 0 0 0 0
20.195 0 0 0 0
20.2 0 0 0 0
20.205 0 0 0 0
20.21 0 0 0 0
20.215 0 0 0 0
20.22 0 0 0 0
20.225 0 0 0 0
20.23 0 0 0 0
20.235 0 0 0 0
20.24 0 0 0 0
20.245 0 0 0 0
20.25 0 0 0 0
20.255 0 0 0 0
20.26 0 0 0 0
20.265 0 0 0 0
20.27 0 0 0 0
20.275 0 0 0 0
20.28 0 0 0 0
20.285 0 0 0 0
20.29 0 0 0 0
20.295 0 0 0 0
20.3 0 0 0 0
20.305 0 0 0 0
20.31 0 0 0 0
20.315 0 0 0 0
20.32 0 0 0 0
20.325 0 0 0 0
20.33 0 0 0 0
20.335 0 0 0 0
20.34 0 0 0 0
20.345 0 0 0 0
20.35 0 0 0 0
20.355 0 0 0 0
20.36 0 0 0 0
20.365 0 0 0 0
20.37 0 0 0 0
20.375 0 0 0 0
20.38 0 0 0 0
20.385 0 0 0 0
20.39 0 0 0 0
20.395 0 0 0 0
20.4 0 0 0 0
20.405 0 0 0 0
20.41 0 0 0 0
20.415 0 0 0 0
20.42 0 0 0 0
20.425 0 0 0 0
20.43 0 0 0 0
20.435 0 0 0 0
20.44 0 0 0 0
20.445 0 0 0 0
20.45 0 0 0 0
20.455 0 0 0 0
20.46 0 0 0 0
20.465 0 0 0 0
20.47 0 0 0 0
20.475 0 0 0 0
20.48 0 0 0 0
20.485 0 0 0 0
20.49 0 0 0 0
20.495 0 0 0 0
20.5 0 0 0 0
20.505 0 0 0 0
20.51 0 0 0 0
20.515 0 0 0 0
20.52 0 0 0 0
20.525 0 0 0 0
20.53 0 0 0 0
20.535 0 0 0 0
20.54 0 0 0 0
20.545 0 0 0 0
20.55 0 0 0 0
20.555 0 0 0 0
20.56 0 0 0 0
20.565 0 0 0 0
20.57 0 0 0 0
20.575 0 0 0 0
20.58 0 0 0 0
20.585 0 0 0 0
20.59 0 0 0 0
20.595 0 0 0 0
20.6 0 0 0 0
20.605 0 0 0 0
20.61 0 0 0 0
20.615 0 0 0 0
20.62 0 0 0 0
20.625 0 0 0 0
20.63 0 0 0 0
20.635 0 0 0 0
20.64 0 0 0 0
20.645 0 0 0 0
20.65 0 0 0 0
20.655 0 0 0 0
20.66 0 0 0 0
20.665 0 0 0 0
20.67 0 0 0 0
20.675 0 0 0 0
20.68 0 0 0 0
20.685 0 0 0 0
20.69 0 0 0 0
20.695 0 0 0 0
20.7 0 0 0 0
20.705 0 0 0 0
20.71 0 0 0 0
20.715 0 0 0 0
20.72 0 0 0 0
20.725 0 0 0 0
20.73 0 0 0 0
20.735 0 0 0 0
20.74 0 0 0 0
20.745 0 0 0 0
20.75 0 0 0 0
20.755 0 0 0 0
20.76 0 0 0 0
20.765 0 0 0 0
20.77 0 0 0 0
20.775 0 0 0 0
20.78 0 0 0 0
20.785 0 0 0 0
20.79 0 0 0 0
20.795 0 0 0 0
20.8 0 0 0 0
20.805 0 0 0 0
20.81 0 0 0 0
20.815 0 0 0 0
20.82 0 0 0 0
20.825 0 0 0 0
20.83 0 0 0 0
20.835 0 0 0 0
20.84 0 0 0 0
20.845 0 0 0 0
20.85 0 0 0 0
20.855 0 0 0 0
20.86 0 0 0 0
20.865 0 0 0 0
20.87 0 0 0 0
20.875 0 0 0 0
20.88 -159.72 -297.708 0 0
20.885 -159.72 -297.708 0 0
20.89 -159.72 -297.708 0 0
20.895 -159.72 -297.708 0 0
20.9 -159.72 -297.708 0 0
20.905 -159.72 -297.708 0 0
20.91 -159.72 -297.708 0 0
20.915 -159.72 -297.708 0 0
20.92 -159.72 -297.708 0 0
20.925 -159.72 -297.708 0 0
20.93 -159.72 -297.708 0 0
20.935 -159.72 -296.177 0 0
20.94 -159.72 -295.47 0 0
20.945 -159.72 -294.955 0 0
20.95 -159.72 -294.58 0 0
20.955 -159.72 -292.776 0 0
20.96 -159.72 -291.87 0 0
20.965 -159.72 -291.21 0 0
20.97 -159.72 -290.73 0 0
20.975 -159.72 -290.38 0 0
20.98 -159.72 -288.594 0 0
20.985 -159.72 -287.701 0 0
20.99 -159.72 -287.051 0 0
20.995 -159.72 -285.046 0 0
21 -159.72 -283.995 0 0
21.005 -159.72 -283.228 0 0
21.01 -159.72 -281.139 0 0
21.015 -159.72 -280.026 0 0
21.02 -159.72 -277.684 0 0
21.025 -159.72 -276.387 0 0
21.03 -159.72 -276.973 0 0
21.035 -159.72 -275.46 0 0
21.04 -159.72 -274.766 0 0
21.045 -159.72 -272.73 0 0
21.05 -159.72 -273.186 0 0
21.055 -159.72 -273.11 0 0
21.06 -159.72 -271.524 0 0
21.065 -159.72 -269.245 0 0
21.07 -159.72 -267.995 0 0
21.075 -159.72 -267.083 0 0
21.08 -159.72 -266.419 0 0
21.085 -159.72 -264.405 0 0
21.09 -159.72 -264.877 0 0
21.095 -159.72 -263.281 0 0
21.1 -159.72 -260.996 0 0
21.105 -159.72 -261.271 0 0
21.11 -159.72 -259.532 0 0
21.115 -159.72 -258.674 0 0
21.12 -159.72 -258.049 0 0
21.125 -159.72 -256.062 0 0
21.13 -159.72 -256.555 0 0
21.135 -159.72 -254.973 0 0
21.14 -159.72 -254.231 0 0
21.145 -159.72 -252.158 0 0
21.15 -159.72 -251.058 0 0
21.155 -159.72 -250.255 0 0
21.16 -159.72 -249.671 0 0
21.165 -159.72 -249.245 0 0
21.17 -159.72 -248.936 0 0
21.175 -159.72 -247.178 0 0
21.18 -159.72 -246.307 0 0
21.185 -159.72 -244.141 0 0
21.19 -159.72 -244.504 0 0
21.195 -159.72 -244.359 0 0
21.2 -159.72 -242.722 0 0
21.205 -159.72 -241.938 0 0
21.21 -159.72 -241.368 0 0
21.215 -159.72 -239.421 0 0
21.22 -159.72 -238.411 0 0
21.225 -159.72 -236.144 0 0
21.23 -159.72 -234.902 0 0
21.235 -159.72 -233.997 0 0
21.24 -159.72 -233.338 0 0
21.245 -159.72 -231.326 0 0
21.25 -159.72 -230.27 0 0
21.255 -159.72 -229.5 0 0
21.26 -159.72 -227.409 0 0
21.265 -159.72 -226.293 0 0
21.27 -159.72 -225.481 0 0
21.275 -159.72 -224.889 0 0
21.28 -159.72 -224.458 0 0
21.285 -159.72 -222.613 0 0
21.29 -159.72 -221.678 0 0
21.295 -159.72 -220.996 0 0
21.3 -159.72 -220.5 0 0
21.305 -159.72 -218.607 0 0
21.31 -159.72 -217.637 0 0
21.315 -159.72 -216.93 0 0
21.32 -159.72 -216.416 0 0
21.325 -159.72 -216.04 0 0
21.33 -159.72 -214.236 0 0
21.335 -159.72 -213.33 0 0
21.34 -159.72 -212.671 0 0
21.345 -159.72 -210.659 0 0
21.35 -159.72 -209.602 0 0
21.355 -159.72 -208.832 0 0
21.36 -159.72 -208.272 0 0
21.365 -159.72 -206.332 0 0
21.37 -159.72 -205.328 0 0
21.375 -159.72 -203.065 0 0
21.38 -159.72 -201.826 0 0
21.385 -159.72 -200.923 0 0
21.39 -159.72 -198.734 0 0
21.395 -159.72 -197.548 0 0
21.4 -159.72 -198.216 0 0
21.405 -159.72 -196.761 0 0
21.41 -159.72 -196.112 0 0
21.415 -159.72 -194.106 0 0
21.42 -159.72 -193.055 0 0
21.425 -159.72 -192.288 0 0
21.43 -159.72 -191.731 0 0
21.435 -159.72 -189.792 0 0
21.44 -159.72 -190.321 0 0
21.445 -159.72 -188.766 0 0
21.45 -159.72 -188.042 0 0
21.455 -159.72 -185.983 0 0
21.46 -159.72 -186.424 0 0
21.465 -159.72 -184.804 0 0
21.47 -159.72 -184.034 0 0
21.475 -159.72 -183.471 0 0
21.48 -159.72 -181.532 0 0
21.485 -159.72 -180.526 0 0
21.49 -159.72 -179.795 0 0
21.495 -159.72 -177.73 0 0
21.5 -159.72 -176.636 0 0
21.505 -159.72 -174.306 0 0
21.51 -159.72 -174.55 0 0
21.515 -159.72 -172.787 0 0
21.52 -159.72 -171.912 0 0
21.525 -159.72 -171.274 0 0
21.53 -159.72 -170.81 0 0
21.535 -159.72 -168.94 0 0
21.54 -159.72 -167.988 0 0
21.545 -159.72 -165.761 0 0
21.55 -159.72 -164.55 0 0
21.555 -159.72 -162.135 0 0
21.56 -159.72 -160.785 0 0
21.565 -159.72 -161.332 0 0
21.57 -159.72 -159.792 0 0
21.575 -159.077 -159.077 0 0
21.58 -158.566 -158.566 0 0
21.585 -156.663 -156.663 0 0
21.59 -155.688 -155.688 0 0
21.595 -154.979 -154.979 0 0
21.6 -154.466 -154.466 0 0
21.605 -152.561 -152.561 0 0
21.61 -151.586 -151.586 0 0
21.615 -150.876 -150.876 0 0
21.62 -148.831 -148.831 0 0
21.625 -147.751 -147.751 0 0
21.63 -145.436 -145.436 0 0
21.635 -144.158 -144.158 0 0
21.64 -143.231 -143.231 0 0
21.645 -142.556 -142.556 0 0
21.65 -142.067 -142.067 0 0
21.655 -141.712 -141.712 0 0
21.66 -139.925 -139.925 0 0
21.665 -137.501 -137.501 1.23403 1.23403
21.67 -136.147 -136.147 1.2367 1.2367
21.675 -135.161 -135.161 1.15116 1.15116
21.68 -132.915 -132.915 1.22418 1.22418
21.685 -131.688 -131.688 1.1724 1.1724
21.69 -130.797 -130.797 1.14797 1.14797
21.695 -130.148 -130.148 1.03191 1.03191
21.7 -129.678 -129.678 0.984034 0.984034
21.705 -127.805 -127.805 1.02713 1.02713
21.71 -126.853 -126.853 0.899277 0.899277
21.715 -126.159 -126.159 0.510671 0.510671
21.72 -124.125 -124.125 0.576961 0.576961
21.725 -124.584 -124.584 0.553118 0.553118
21.73 -124.512 -124.512 0.73245 0.73245
21.735 -122.929 -122.929 0.675668 0.675668
21.74 -122.188 -122.188 0.605623 0.605623
21.745 -120.116 -120.116 0.718505 0.718505
21.75 -119.019 -119.019 0.785839 0.785839
21.755 -118.22 -118.22 0.90458 0.90458
21.76 -119.172 -119.172 0.889734 0.889734
21.765 -117.925 -117.925 0.813408 0.813408
21.77 -115.898 -115.898 0.789164 0.789164
21.775 -116.361 -116.361 0.531851 0.531851
21.78 -116.292 -116.292 0.425767 0.425767
21.785 -114.711 -114.711 0.422792 0.422792
21.79 -113.971 -113.971 0.262259 0.262259
21.795 -111.901 -111.901 0.31734 0.31734
21.8 -112.335 -112.335 0.106703 0.106703
21.805 -112.243 -112.243 0.243858 0.243858
21.81 -110.648 -110.648 0.372448 0.372448
21.815 -109.894 -109.894 0.390461 0.390461
21.82 -109.348 -109.348 0.483188 0.483188
21.825 -107.419 -107.419 0.346449 0.346449
21.83 -107.957 -107.957 0.486507 0.486507
21.835 -106.408 -106.408 0.339662 0.339662
21.84 -107.223 -107.223 0.218658 0.218658
21.845 -105.876 -105.876 0.171996 0.171996
21.85 -105.307 -105.307 0.0247811 0.0247811
21.855 -103.361 -103.361 0.016384 0.016384
21.86 -103.886 -103.886 -0.0452405 -0.0452405
21.865 -103.859 -103.859 -0.0138234 -0.0138234
21.87 -102.312 -102.312 0.156135 0.156135
21.875 -101.593 -101.593 0.199256 0.199256
21.88 -101.072 -101.072 0.16793 0.16793
21.885 -99.1609 -99.1609 0.179299 0.179299
21.89 -99.7119 -99.7119 0.260948 0.260948
21.895 -98.1722 -98.1722 0.156665 0.156665
21.9 -97.4625 -97.4625 0.110541 0.110541
21.905 -96.9447 -96.9447 -0.0434267 -0.0434267
21.91 -96.5707 -96.5707 -0.0815063 -0.0815063
21.915 -96.2976 -96.2976 -0.06257 -0.06257
21.92 -96.1018 -96.1018 -0.0821659 -0.0821659
21.925 -94.4272 -94.4272 -0.0581975 -0.0581975
21.93 -93.6193 -93.6193 -0.22331 -0.22331
21.935 -93.0299 -93.0299 -0.0926243 -0.0926243
21.94 -92.6037 -92.6037 -0.0956299 -0.0956299
21.945 -90.7612 -90.7612 -0.0964337 -0.0964337
21.95 -91.3621 -91.3621 0.104104 0.104104
21.955 -89.859 -89.859 0.0286891 0.0286891
21.96 -89.176 -89.176 0.0550452 0.0550452
21.965 -88.6775 -88.6775 -0.0892343 -0.0892343
21.97 -86.7864 -86.7864 -0.105662 -0.105662
21.975 -87.3477 -87.3477 -0.112167 -0.112167
21.98 -87.3509 -87.3509 -0.175035 -0.175035
21.985 -85.8212 -85.8212 -0.235872 -0.235872
21.99 -85.1192 -85.1192 -0.281323 -0.281323
21.995 -83.0757 -83.0757 -0.183477 -0.183477
22 -83.53 -83.53 -0.0976865 -0.0976865
22.005 -83.4512 -83.4512 -0.0561392 -0.0561392
22.01 -81.8658 -81.8658 0.0573587 0.0573587
22.015 -81.1185 -81.1185 0.00218935 0.00218935
22.02 -80.5773 -80.5773 0.079478 0.079478
22.025 -81.713 -81.713 0.0607884 0.0607884
22.03 -80.6037 -80.6037 -0.031644 -0.031644
22.035 -80.2032 -80.2032 -0.127835 -0.127835
22.04 -79.9146 -79.9146 -0.243605 -0.243605
22.045 -78.172 -78.172 -0.329417 -0.329417
22.05 -77.3146 -77.3146 -0.415814 -0.415814
22.055 -76.6887 -76.6887 -0.436932 -0.436932
22.06 -76.2359 -76.2359 -0.441815 -0.441815
22.065 -75.9048 -75.9048 -0.407699 -0.407699
22.07 -75.6667 -75.6667 -0.413805 -0.413805
22.075 -73.9609 -73.9609 -0.344822 -0.344822
22.08 -74.6613 -74.6613 -0.275616 -0.275616
22.085 -74.7615 -74.7615 -0.168113 -0.168113
22.09 -74.8376 -74.8376 0.0313573 0.0313573
22.095 -73.3607 -73.3607 0.057968 0.057968
22.1 -72.6967 -72.6967 0.088438 0.088438
22.105 -72.2117 -72.2117 0.0719779 0.0719779
22.11 -71.8615 -71.8615 0.0248282 0.0248282
22.115 -71.605 -71.605 0.0188251 0.0188251
22.12 -69.8902 -69.8902 -0.0864587 -0.0864587
22.125 -69.0484 -69.0484 -0.142505 -0.142505
22.13 -68.4383 -68.4383 -0.233293 -0.233293
22.135 -67.9923 -67.9923 -0.25724 -0.25724
22.14 -67.6706 -67.6706 -0.255705 -0.255705
22.145 -67.4348 -67.4348 -0.268371 -0.268371
22.15 -67.2662 -67.2662 -0.234883 -0.234883
22.155 -67.1419 -67.1419 -0.262878 -0.262878
22.16 -67.0545 -67.0545 -0.198587 -0.198587
22.165 -65.4583 -65.4583 -0.191703 -0.191703
22.17 -66.2385 -66.2385 -0.171123 -0.171123
22.175 -63.3343 -63.3343 -0.12842 -0.12842
22.18 -63.5704 -63.5704 -0.0950318 -0.0950318
22.185 -61.801 -61.801 -0.0451396 -0.0451396
22.19 -60.9239 -60.9239 0.0369837 0.0369837
22.195 -60.2833 -60.2833 0.0556104 0.0556104
22.2 -59.8197 -59.8197 -0.0267831 -0.0267831
22.205 -59.4804 -59.4804 -0.0803394 -0.0803394
22.21 -59.2363 -59.2363 -0.15444 -0.15444
22.215 -59.0569 -59.0569 -0.2147 -0.2147
22.22 -58.9293 -58.9293 -0.145066 -0.145066
22.225 -58.8347 -58.8347 -0.211317 -0.211317
22.23 -57.2378 -57.2378 -0.214581 -0.214581
22.235 -58.0127 -58.0127 -0.22484 -0.22484
22.24 -56.6404 -56.6404 -0.268301 -0.268301
22.245 -56.0478 -56.0478 -0.213901 -0.213901
22.25 -55.6192 -55.6192 -0.166574 -0.166574
22.255 -55.3053 -55.3053 -0.116813 -0.116813
22.26 -55.0797 -55.0797 -0.125381 -0.125381
22.265 -53.3824 -53.3824 -0.111237 -0.111237
22.27 -54.089 -54.089 -0.10535 -0.10535
22.275 -52.6621 -52.6621 -0.0898025 -0.0898025
22.28 -53.5656 -53.5656 -0.0513922 -0.0513922
22.285 -53.8132 -53.8132 -0.0624041 -0.0624041
22.29 -53.9968 -53.9968 0.0125318 0.0125318
22.295 -54.1288 -54.1288 0.0248433 0.0248433
22.3 -52.6969 -52.6969 -0.00378741 -0.00378741
22.305 -52.0608 -52.0608 -0.0557947 -0.0557947
22.31 -51.6005 -51.6005 -0.13182 -0.13182
22.315 -51.2633 -51.2633 -0.0654971 -0.0654971
22.32 -51.0208 -51.0208 -0.13618 -0.13618
22.325 -50.8423 -50.8423 -0.0636833 -0.0636833
22.33 -49.1843 -49.1843 -0.0824717 -0.0824717
22.335 -49.9145 -49.9145 -0.0520983 -0.0520983
22.34 -50.0407 -50.0407 -0.0285222 -0.0285222
22.345 -50.1308 -50.1308 -0.110961 -0.110961
22.35 -48.669 -48.669 -0.134521 -0.134521
22.355 -48.0103 -48.0103 -0.176508 -0.176508
22.36 -49.0648 -49.0648 -0.153021 -0.153021
22.365 -49.4223 -49.4223 -0.161808 -0.161808
22.37 -48.1548 -48.1548 -0.210542 -0.210542
22.375 -47.6383 -47.6383 -0.166751 -0.166751
22.38 -47.2651 -47.2651 -0.10442 -0.10442
22.385 -46.9913 -46.9913 -0.0371019 -0.0371019
22.39 -45.2638 -45.2638 -0.00336134 -0.00336134
22.395 -45.9433 -45.9433 -0.0153458 -0.0153458
22.4 -46.0326 -46.0326 -0.0294808 -0.0294808
22.405 -44.5646 -44.5646 -0.0679126 -0.0679126
22.41 -43.9071 -43.9071 -0.0949288 -0.0949288
22.415 -43.4261 -43.4261 -0.126938 -0.126938
22.42 -44.6098 -44.6098 -0.157142 -0.157142
22.425 -45.0615 -45.0615 -0.140578 -0.140578
22.43 -43.8625 -43.8625 -0.2132 -0.2132
22.435 -43.3958 -43.3958 -0.218954 -0.218954
22.44 -43.0589 -43.0589 -0.192859 -0.192859
22.445 -42.8109 -42.8109 -0.136334 -0.136334
22.45 -42.634 -42.634 -0.149228 -0.149228
22.455 -42.503 -42.503 -0.0686633 -0.0686633
22.46 -40.8795 -40.8795 -0.052595 -0.052595
22.465 -41.6347 -41.6347 -0.101409 -0.101409
22.47 -41.7791 -41.7791 -0.110177 -0.110177
22.475 -40.3511 -40.3511 -0.127656 -0.127656
22.48 -39.7227 -39.7227 -0.0891539 -0.0891539
22.485 -40.794 -40.794 -0.177372 -0.177372
22.49 -39.6376 -39.6376 -0.188618 -0.188618
22.495 -39.2018 -39.2018 -0.201483 -0.201483
22.5 -40.4185 -40.4185 -0.128129 -0.128129
22.505 -39.3629 -39.3629 -0.084957 -0.084957
22.51 -39.0058 -39.0058 -0.0706756 -0.0706756
22.515 -38.7436 -38.7436 0.00453621 0.00453621
22.52 -37.0245 -37.0245 0.000215054 0.000215054
22.525 -37.7098 -37.7098 0.0236707 0.0236707
22.53 -37.8034 -37.8034 0.0430378 0.0430378
22.535 -36.3384 -36.3384 0.014614 0.014614
22.54 -37.214 -37.214 0.0145845 0.0145845
22.545 -37.441 -37.441 -0.070591 -0.070591
22.55 -36.0784 -36.0784 -0.0659382 -0.0659382
22.555 -37.0234 -37.0234 -0.0785979 -0.0785979
22.56 -37.3061 -37.3061 -0.0601014 -0.0601014
22.565 -35.9788 -35.9788 -0.0273689 -0.0273689
22.57 -36.9549 -36.9549 -0.0492258 -0.0492258
22.575 -35.7239 -35.7239 0.00366731 0.00366731
22.58 -35.239 -35.239 0.0240944 0.0240944
22.585 -36.4146 -36.4146 0.0358429 0.0358429
22.59 -35.3343 -35.3343 0.00141671 0.00141671
22.595 -34.9538 -34.9538 0.0152648 0.0152648
22.6 -34.6797 -34.6797 0.000264943 0.000264943
22.605 -34.4779 -34.4779 0.038049 0.038049
22.61 -34.3338 -34.3338 0.0289924 0.0289924
22.615 -34.2267 -34.2267 -0.0526465 -0.0526465
22.62 -34.1518 -34.1518 -0.0535471 -0.0535471
22.625 -34.0949 -34.0949 -0.138981 -0.138981
22.63 -34.0566 -34.0566 -0.104531 -0.104531
22.635 -34.0264 -34.0264 -0.112771 -0.112771
22.64 -32.4764 -32.4764 -0.0272164 -0.0272164
22.645 -33.2849 -33.2849 -0.00232134 -0.00232134
22.65 -31.937 -31.937 0.0863264 0.0863264
22.655 -31.3616 -31.3616 0.137297 0.137297
22.66 -32.4766 -32.4766 0.18013 0.18013
22.665 -31.3467 -31.3467 0.221875 0.221875
22.67 -32.4665 -32.4665 0.219798 0.219798
22.675 -31.3402 -31.3402 0.150434 0.150434
22.68 -30.9315 -30.9315 0.119602 0.119602
22.685 -30.6314 -30.6314 0.0338593 0.0338593
22.69 -30.4159 -30.4159 -0.0224623 -0.0224623
22.695 -31.7877 -31.7877 -0.0563226 -0.0563226
22.7 -30.8502 -30.8502 -0.0642691 -0.0642691
22.705 -29.0426 -29.0426 0.0064469 0.0064469
22.71 -29.6688 -29.6688 -0.00229753 -0.00229753
22.715 -29.7138 -29.7138 0.0477474 0.0477474
22.72 -28.2185 -28.2185 0.132073 0.132073
22.725 -29.0668 -29.0668 0.194777 0.194777
22.73 -27.7479 -27.7479 0.172765 0.172765
22.735 -28.7246 -28.7246 0.124419 0.124419
22.74 -27.4993 -27.4993 0.113423 0.113423
22.745 -28.5443 -28.5443 0.137138 0.137138
22.75 -27.3686 -27.3686 0.0344585 0.0344585
22.755 -26.9186 -26.9186 -0.0206742 -0.0206742
22.76 -26.5938 -26.5938 -0.0582945 -0.0582945
22.765 -26.3547 -26.3547 -0.100721 -0.100721
22.77 -26.1836 -26.1836 -0.106583 -0.106583
22.775 -26.0566 -26.0566 -0.069945 -0.069945
22.78 -25.9671 -25.9671 -0.0189856 -0.0189856
22.785 -25.8995 -25.8995 0.0829255 0.0829255
22.79 -24.3222 -24.3222 0.15113 0.15113
22.795 -25.1106 -25.1106 0.19885 0.19885
22.8 -25.2792 -25.2792 0.217071 0.217071
22.805 -25.3996 -25.3996 0.256768 0.256768
22.81 -23.9592 -23.9592 0.179197 0.179197
22.815 -24.8477 -24.8477 0.0781955 0.0781955
22.82 -23.5576 -23.5576 0.029601 0.029601
22.825 -23.0243 -23.0243 -0.000676475 -0.000676475
22.83 -22.6387 -22.6387 -0.0318489 -0.0318489
22.835 -23.8866 -23.8866 -0.0294709 -0.0294709
22.84 -22.8587 -22.8587 0.0405125 0.0405125
22.845 -22.5162 -22.5162 0.100249 0.100249
22.85 -22.2697 -22.2697 0.184793 0.184793
22.855 -23.6189 -23.6189 0.261667 0.261667
22.86 -22.6648 -22.6648 0.337494 0.337494
22.865 -22.3761 -22.3761 0.314426 0.314426
22.87 -22.1688 -22.1688 0.218922 0.218922
22.875 -22.0153 -22.0153 0.144602 0.144602
22.88 -21.9065 -21.9065 0.0728173 0.0728173
22.885 -21.8248 -21.8248 -0.0324758 -0.0324758
22.89 -21.7682 -21.7682 -0.0769567 -0.0769567
22.895 -21.7246 -21.7246 -0.0859824 -0.0859824
22.9 -21.6957 -21.6957 -0.0914847 -0.0914847
22.905 -21.6723 -21.6723 -0.0334391 -0.0334391
22.91 -20.1268 -20.1268 0.0521637 0.0521637
22.915 -20.9387 -20.9387 0.180655 0.180655
22.92 -21.1243 -21.1243 0.232794 0.232794
22.925 -21.257 -21.257 0.305076 0.305076
22.93 -19.8256 -19.8256 0.253768 0.253768
22.935 -20.7202 -20.7202 0.258998 0.258998
22.94 -20.9661 -20.9661 0.146543 0.146543
22.945 -21.1428 -21.1428 0.0512869 0.0512869
22.95 -19.7434 -19.7434 0.00690538 0.00690538
22.955 -19.1302 -19.1302 -0.0797262 -0.0797262
22.96 -20.2176 -20.2176 -0.0484239 -0.0484239
22.965 -19.0673 -19.0673 0.0102709 0.0102709
22.97 -20.1722 -20.1722 0.0162923 0.0162923
22.975 -19.0348 -19.0348 0.108703 0.108703
22.98 -18.6179 -18.6179 0.193505 0.193505
22.985 -18.3116 -18.3116 0.248239 0.248239
22.99 -19.6227 -19.6227 0.275579 0.275579
22.995 -18.6353 -18.6353 0.254462 0.254462
23 -18.3278 -18.3278 0.188054 0.188054
23.005 -19.6324 -19.6324 0.115266 0.115266
23.01 -18.6459 -18.6459 0.0541492 0.0541492
23.015 -19.8646 -19.8646 0.0227696 0.0227696
23.02 -18.8155 -18.8155 -0.0482528 -0.0482528
23.025 -19.9886 -19.9886 -0.0537747 -0.0537747
23.03 -18.9063 -18.9063 0.0143005 0.0143005
23.035 -20.0553 -20.0553 0.0811141 0.0811141
23.04 -18.9554 -18.9554 0.210639 0.210639
23.045 -18.5603 -18.5603 0.252243 0.252243
23.05 -19.8067 -19.8067 0.280573 0.280573
23.055 -18.7722 -18.7722 0.248479 0.248479
23.06 -19.9615 -19.9615 0.195201 0.195201
23.065 -18.8855 -18.8855 0.181946 0.181946
23.07 -20.0445 -20.0445 0.122184 0.122184
23.075 -20.4776 -20.4776 0.0342109 0.0342109
23.08 -19.2649 -19.2649 0.0109151 0.0109151
23.085 -18.7878 -18.7878 0.0177543 0.0177543
23.09 -18.4431 -18.4431 -0.0161484 -0.0161484
23.095 -18.1895 -18.1895 0.0751928 0.0751928
23.1 -18.0078 -18.0078 0.131603 0.131603
23.105 -19.404 -19.404 0.24959 0.24959
23.11 -18.4842 -18.4842 0.300939 0.300939
23.115 -18.2204 -18.2204 0.342971 0.342971
23.12 -18.0311 -18.0311 0.325692 0.325692
23.125 -17.8907 -17.8907 0.225071 0.225071
23.13 -17.7914 -17.7914 0.194238 0.194238
23.135 -17.7166 -17.7166 0.131393 0.131393
23.14 -17.665 -17.665 0.0485261 0.0485261
23.145 -17.6249 -17.6249 0.017953 0.017953
23.15 -17.5986 -17.5986 0.00840483 0.00840483
23.155 -17.577 -17.577 0.0341921 0.0341921
23.16 -17.5641 -17.5641 0.113935 0.113935
23.165 -16.0211 -16.0211 0.192453 0.192453
23.17 -16.8398 -16.8398 0.292219 0.292219
23.175 -17.025 -17.025 0.400478 0.400478
23.18 -17.1628 -17.1628 0.402934 0.402934
23.185 -17.2607 -17.2607 0.39623 0.39623
23.19 -17.335 -17.335 0.370942 0.370942
23.195 -15.8554 -15.8554 0.256195 0.256195
23.2 -15.1893 -15.1893 0.177592 0.177592
23.205 -14.7014 -14.7014 0.053421 0.053421
23.21 -15.88 -15.88 -0.0275276 -0.0275276
23.215 -14.7962 -14.7962 -0.0239557 -0.0239557
23.22 -15.9494 -15.9494 -0.0431494 -0.0431494
23.225 -14.8471 -14.8471 0.0514696 0.0514696
23.23 -15.9869 -15.9869 0.0958173 0.0958173
23.235 -16.406 -16.406 0.205118 0.205118
23.24 -15.1831 -15.1831 0.212533 0.212533
23.245 -14.6983 -14.6983 0.217001 0.217001
23.25 -12.8171 -12.8171 0.246248 0.246248
23.255 -13.3838 -13.3838 0.192289 0.192289
23.26 -13.3908 -13.3908 0.0616523 0.0616523
23.265 -13.3933 -13.3933 -0.000908382 -0.000908382
23.27 -13.3981 -13.3981 -0.0457025 -0.0457025
23.275 -13.3989 -13.3989 -0.040837 -0.040837
23.28 -13.403 -13.403 -0.0317818 -0.0317818
23.285 -14.9339 -14.9339 -0.00454035 -0.00454035
23.29 -15.6434 -15.6434 0.0949498 0.0949498
23.295 -14.6265 -14.6265 0.163278 0.163278
23.3 -14.2976 -14.2976 0.270797 0.270797
23.305 -14.0552 -14.0552 0.296874 0.296874
23.31 -13.8817 -13.8817 0.307014 0.307014
23.315 -13.7526 -13.7526 0.289097 0.289097
23.32 -13.6615 -13.6615 0.212457 0.212457
23.325 -12.0614 -12.0614 0.203174 0.203174
23.33 -12.8386 -12.8386 0.12666 0.12666
23.335 -14.5245 -14.5245 0.14552 0.14552
23.34 -15.3468 -15.3468 0.081005 0.081005
23.345 -15.9433 -15.9433 0.0542937 0.0542937
23.35 -14.8497 -14.8497 0.0536831 0.0536831
23.355 -15.9904 -15.9904 0.0737345 0.0737345
23.36 -14.8844 -14.8844 0.169269 0.169269
23.365 -16.016 -16.016 0.216527 0.216527
23.37 -14.9034 -14.9034 0.227692 0.227692
23.375 -14.4985 -14.4985 0.259031 0.259031
23.38 -14.2072 -14.2072 0.231789 0.231789
23.385 -13.9922 -13.9922 0.233579 0.233579
23.39 -15.3697 -15.3697 0.224346 0.224346
23.395 -15.9619 -15.9619 0.201679 0.201679
23.4 -14.865 -14.865 0.13955 0.13955
23.405 -16.0034 -16.0034 0.0858363 0.0858363
23.41 -14.8957 -14.8957 0.108189 0.108189
23.415 -14.4949 -14.4949 0.060547 0.060547
23.42 -15.737 -15.737 0.10443 0.10443
23.425 -14.6994 -14.6994 0.101537 0.101537
23.43 -12.8241 -12.8241 0.087659 0.087659
23.435 -13.3952 -13.3952 0.0695215 0.0695215
23.44 -13.4054 -13.4054 0.0666129 0.0666129
23.445 -14.9413 -14.9413 0.0848628 0.0848628
23.45 -14.1233 -14.1233 0.105088 0.105088
23.455 -13.9336 -13.9336 0.0831081 0.0831081
23.46 -13.7983 -13.7983 0.0216339 0.0216339
23.465 -13.6971 -13.6971 0.0702164 0.0702164
23.47 -15.1575 -15.1575 0.115827 0.115827
23.475 -14.2789 -14.2789 0.157877 0.157877
23.48 -14.0505 -14.0505 0.148664 0.148664
23.485 -13.8816 -13.8816 0.111131 0.111131
23.49 -13.7614 -13.7614 0.117892 0.117892
23.495 -15.2024 -15.2024 0.0624345 0.0624345
23.5 -14.3153 -14.3153 0.114796 0.114796
23.505 -14.0751 -14.0751 0.113102 0.113102
23.51 -15.4343 -15.4343 0.0393063 0.0393063
23.515 -14.4819 -14.4819 0.0935554 0.0935554
23.52 -15.731 -15.731 0.094727 0.094727
23.525 -16.2296 -16.2296 0.124525 0.124525
23.53 -15.0646 -15.0646 0.151837 0.151837
23.535 -16.1533 -16.1533 0.12986 0.12986
23.54 -15.0095 -15.0095 0.147051 0.147051
23.545 -16.1135 -16.1135 0.0742429 0.0742429
23.55 -16.512 -16.512 0.133015 0.133015
23.555 -15.2685 -15.2685 0.159308 0.159308
23.56 -14.7745 -14.7745 0.0883113 0.0883113
23.565 -14.4119 -14.4119 0.0692021 0.0692021
23.57 -14.1507 -14.1507 -0.00862017 -0.00862017
23.575 -15.489 -15.489 -0.0128301 -0.0128301
23.58 -14.5269 -14.5269 -0.0289655 -0.0289655
23.585 -14.2323 -14.2323 0.000817858 0.000817858
23.59 -14.0206 -14.0206 -0.00531305 -0.00531305
23.595 -13.8637 -13.8637 0.0239646 0.0239646
23.6 -15.2836 -15.2836 0.053631 0.053631
23.605 -14.3754 -14.3754 0.0263929 0.0263929
23.61 -14.1255 -14.1255 0.098363 0.098363
23.615 -12.4097 -12.4097 0.0754785 0.0754785
23.62 -13.1026 -13.1026 0.0954364 0.0954364
23.625 -13.1959 -13.1959 0.0776856 0.0776856
23.63 -13.2669 -13.2669 0.10908 0.10908
23.635 -13.316 -13.316 0.120763 0.120763
23.64 -11.8236 -11.8236 0.0747687 0.0747687
23.645 -12.6735 -12.6735 0.102032 0.102032
23.65 -12.8869 -12.8869 0.120631 0.120631
23.655 -14.5709 -14.5709 0.144083 0.144083
23.66 -13.8607 -13.8607 0.132208 0.132208
23.665 -13.7495 -13.7495 0.147536 0.147536
23.67 -13.6715 -13.6715 0.149661 0.149661
23.675 -13.612 -13.612 0.037076 0.037076
23.68 -13.5716 -13.5716 0.060249 0.060249
23.685 -13.5395 -13.5395 0.00943852 0.00943852
23.69 -13.5191 -13.5191 0.0163843 0.0163843
23.695 -13.5016 -13.5016 0.0567944 0.0567944
23.7 -13.4918 -13.4918 0.0400904 0.0400904
23.705 -15.0132 -15.0132 0.131541 0.131541
23.71 -15.7158 -15.7158 0.0868242 0.0868242
23.715 -14.6938 -14.6938 0.209687 0.209687
23.72 -14.3611 -14.3611 0.256328 0.256328
23.725 -14.1161 -14.1161 0.196321 0.196321
23.73 -13.9406 -13.9406 0.184548 0.184548
23.735 -15.3412 -15.3412 0.0771743 0.0771743
23.74 -14.4254 -14.4254 0.0367642 0.0367642
23.745 -14.164 -14.164 -0.047063 -0.047063
23.75 -13.9768 -13.9768 -0.0730021 -0.0730021
23.755 -13.8378 -13.8378 -0.170871 -0.170871
23.76 -15.2706 -15.2706 -0.193159 -0.193159
23.765 -14.3718 -14.3718 -0.0913239 -0.0913239
23.77 -14.1289 -14.1289 0.00830165 0.00830165
23.775 -15.4803 -15.4803 0.120164 0.120164
23.78 -14.528 -14.528 0.184571 0.184571
23.785 -14.2404 -14.2404 0.217518 0.217518
23.79 -14.0338 -14.0338 0.279194 0.279194
23.795 -13.8806 -13.8806 0.225377 0.225377
23.8 -12.241 -12.241 0.196092 0.196092
23.805 -12.9836 -12.9836 0.167725 0.167725
23.81 -13.1189 -13.1189 0.0967795 0.0967795
23.815 -14.7459 -14.7459 -0.0227306 -0.0227306
23.82 -13.9943 -13.9943 -0.0430461 -0.0430461
23.825 -13.8528 -13.8528 -0.0428336 -0.0428336
23.83 -13.7528 -13.7528 -0.0572179 -0.0572179
23.835 -13.6764 -13.6764 0.0610169 0.0610169
23.84 -15.1554 -15.1554 0.107074 0.107074
23.845 -14.2899 -14.2899 0.189133 0.189133
23.85 -14.0712 -14.0712 0.248284 0.248284
23.855 -12.3782 -12.3782 0.314844 0.314844
23.86 -13.0876 -13.0876 0.288558 0.288558
23.865 -13.193 -13.193 0.226042 0.226042
23.87 -13.2728 -13.2728 0.144398 0.144398
23.875 -13.3282 -13.3282 0.0754057 0.0754057
23.88 -13.3716 -13.3716 -0.011048 -0.011048
23.885 -13.4005 -13.4005 -0.0179538 -0.0179538
23.89 -13.4246 -13.4246 -0.0506382 -0.0506382
23.895 -13.4395 -13.4395 -0.0273481 -0.0273481
23.9 -13.4533 -13.4533 -0.0353334 -0.0353334
23.905 -13.4607 -13.4607 0.0530232 0.0530232
23.91 -11.9379 -11.9379 0.132353 0.132353
23.915 -12.7658 -12.7658 0.182608 0.182608
23.92 -12.9631 -12.9631 0.186877 0.186877
23.925 -13.1042 -13.1042 0.115892 0.115892
23.93 -13.21 -13.21 0.0978035 0.0978035
23.935 -11.7532 -11.7532 0.0896755 0.0896755
23.94 -11.1037 -11.1037 0.06675 0.06675
23.945 -12.159 -12.159 0.0989679 0.0989679
23.95 -12.5219 -12.5219 0.112304 0.112304
23.955 -12.7836 -12.7836 0.138249 0.138249
23.96 -12.9773 -12.9773 0.170257 0.170257
23.965 -11.5845 -11.5845 0.242887 0.242887
23.97 -12.5128 -12.5128 0.258953 0.258953
23.975 -12.7776 -12.7776 0.253055 0.253055
23.98 -12.9735 -12.9735 0.188337 0.188337
23.985 -13.1135 -13.1135 0.172369 0.172369
23.99 -13.2185 -13.2185 0.110832 0.110832
23.995 -11.7612 -11.7612 0.0256775 0.0256775
24 -12.6424 -12.6424 -0.0156246 -0.0156246
24.005 -12.8729 -12.8729 -0.018095 -0.018095
24.01 -13.0438 -13.0438 0.0322012 0.0322012
24.015 -13.1657 -13.1657 0.0987977 0.0987977
24.02 -11.7263 -11.7263 0.122976 0.122976
24.025 -11.0838 -11.0838 0.21836 0.21836
24.03 -12.1498 -12.1498 0.308104 0.308104
24.035 -12.5149 -12.5149 0.34763 0.34763
24.04 -12.7839 -12.7839 0.299134 0.299134
24.045 -12.9772 -12.9772 0.234763 0.234763
24.05 -11.5899 -11.5899 0.148075 0.148075
24.055 -10.9853 -10.9853 0.0348536 0.0348536
24.06 -12.0789 -12.0789 -0.0429374 -0.0429374
24.065 -10.933 -10.933 -0.084545 -0.084545
24.07 -12.0411 -12.0411 -0.0672191 -0.0672191
24.075 -10.9057 -10.9057 -0.0531088 -0.0531088
24.08 -10.4903 -10.4903 0.0157317 0.0157317
24.085 -10.185 -10.185 0.11756 0.11756
24.09 -11.4966 -11.4966 0.179345 0.179345
24.095 -10.5096 -10.5096 0.272218 0.272218
24.1 -11.7333 -11.7333 0.308768 0.308768
24.105 -10.6823 -10.6823 0.304901 0.304901
24.11 -10.3283 -10.3283 0.212541 0.212541
24.115 -10.0677 -10.0677 0.159837 0.159837
24.12 -11.412 -11.412 0.0830892 0.0830892
24.125 -10.4486 -10.4486 -0.00765954 -0.00765954
24.13 -10.1586 -10.1586 0.0279013 0.0279013
24.135 -9.94458 -9.94458 -0.0426224 -0.0426224
24.14 -9.79163 -9.79163 -0.0490044 -0.0490044
24.145 -9.67744 -9.67744 0.0229898 0.0229898
24.15 -11.1283 -11.1283 0.0381962 0.0381962
24.155 -10.2427 -10.2427 0.105342 0.105342
24.16 -11.5404 -11.5404 0.138576 0.138576
24.165 -10.5432 -10.5432 0.158736 0.158736
24.17 -10.2285 -10.2285 0.267942 0.267942
24.175 -9.99644 -9.99644 0.221181 0.221181
24.18 -9.83035 -9.83035 0.208595 0.208595
24.185 -9.70663 -9.70663 0.198108 0.198108
24.19 -9.61947 -9.61947 0.168318 0.168318
24.195 -9.55322 -9.55322 0.183453 0.183453
24.2 -9.50794 -9.50794 0.153448 0.153448
24.205 -9.4722 -9.4722 0.163356 0.163356
24.21 -9.44883 -9.44883 0.206915 0.206915
24.215 -9.42856 -9.42856 0.215107 0.215107
24.22 -9.41692 -9.41692 0.191186 0.191186
24.225 -10.9369 -10.9369 0.145692 0.145692
24.23 -10.1072 -10.1072 0.143499 0.143499
24.235 -9.90879 -9.90879 0.113026 0.113026
24.24 -9.76725 -9.76725 0.0488281 0.0488281
24.245 -9.66136 -9.66136 0.0667169 0.0667169
24.25 -9.58721 -9.58721 0.0993792 0.0993792
24.255 -7.99925 -7.99925 0.0970156 0.0970156
24.26 -8.78536 -8.78536 0.175269 0.175269
24.265 -8.94645 -8.94645 0.177938 0.177938
24.27 -9.06682 -9.06682 0.289136 0.289136
24.275 -9.1517 -9.1517 0.311227 0.311227
24.28 -9.21653 -9.21653 0.307345 0.307345
24.285 -9.261 -9.261 0.26858 0.26858
24.29 -9.29639 -9.29639 0.183306 0.183306
24.295 -9.31936 -9.31936 0.163199 0.163199
24.3 -9.33911 -9.33911 0.0772926 0.0772926
24.305 -9.351 -9.351 0.0180168 0.0180168
24.31 -9.36312 -9.36312 0.0389984 0.0389984
24.315 -9.36907 -9.36907 0.082771 0.082771
24.32 -7.84524 -7.84524 0.095032 0.095032
24.325 -8.67223 -8.67223 0.0713101 0.0713101
24.33 -8.86886 -8.86886 0.131928 0.131928
24.335 -9.00937 -9.00937 0.138901 0.138901
24.34 -9.1147 -9.1147 0.126604 0.126604
24.345 -9.18866 -9.18866 0.14238 0.14238
24.35 -9.24553 -9.24553 0.159526 0.159526
24.355 -9.28419 -9.28419 0.159695 0.159695
24.36 -9.31533 -9.31533 0.128091 0.128091
24.365 -9.33525 -9.33525 0.135404 0.135404
24.37 -10.8839 -10.8839 0.163464 0.163464
24.375 -10.0694 -10.0694 0.174323 0.174323
24.38 -9.88784 -9.88784 0.104241 0.104241
24.385 -9.75281 -9.75281 0.127008 0.127008
24.39 -9.65741 -9.65741 0.135689 0.135689
24.395 -9.58514 -9.58514 0.126342 0.126342
24.4 -11.0666 -11.0666 0.0933669 0.0933669
24.405 -10.2032 -10.2032 0.0533388 0.0533388
24.41 -9.98603 -9.98603 0.0901036 0.0901036
24.415 -11.3562 -11.3562 0.121269 0.121269
24.42 -10.4174 -10.4174 0.217518 0.217518
24.425 -10.1396 -10.1396 0.194508 0.194508
24.43 -11.4712 -11.4712 0.254086 0.254086
24.435 -10.4988 -10.4988 0.222435 0.222435
24.44 -10.2021 -10.2021 0.268002 0.268002
24.445 -11.5143 -11.5143 0.278163 0.278163
24.45 -10.5334 -10.5334 0.294536 0.294536
24.455 -10.2248 -10.2248 0.243328 0.243328
24.46 -10.003 -10.003 0.181921 0.181921
24.465 -9.83861 -9.83861 0.103881 0.103881
24.47 -9.72187 -9.72187 0.0628847 0.0628847
24.475 -11.1652 -11.1652 0.00131649 0.00131649
24.48 -10.2798 -10.2798 -0.0105549 -0.0105549
24.485 -10.0407 -10.0407 0.0131898 0.0131898
24.49 -9.86959 -9.86959 0.0443989 0.0443989
24.495 -9.74214 -9.74214 0.120533 0.120533
24.5 -9.65229 -9.65229 0.180953 0.180953
24.505 -9.58408 -9.58408 0.280901 0.280901
24.51 -9.53735 -9.53735 0.30149 0.30149
24.515 -9.50053 -9.50053 0.320863 0.320863
24.52 -9.47671 -9.47671 0.27803 0.27803
24.525 -9.45658 -9.45658 0.177408 0.177408
24.53 -9.44492 -9.44492 0.0775617 0.0775617
24.535 -10.9648 -10.9648 0.0364316 0.0364316
24.54 -10.1351 -10.1351 0.00410435 0.00410435
24.545 -9.93669 -9.93669 -0.0644741 -0.0644741
24.55 -9.79514 -9.79514 -0.0981146 -0.0981146
24.555 -9.68927 -9.68927 -0.1102 -0.1102
24.56 -9.61507 -9.61507 -0.0484056 -0.0484056
24.565 -9.55828 -9.55828 0.0409582 0.0409582
24.57 -9.5199 -9.5199 0.115546 0.115546
24.575 -9.48919 -9.48919 0.215959 0.215959
24.58 -9.4698 -9.4698 0.21754 0.21754
24.585 -9.45289 -9.45289 0.202481 0.202481
24.59 -9.44356 -9.44356 0.121272 0.121272
24.595 -9.43399 -9.43399 0.0646989 0.0646989
24.6 -10.9611 -10.9611 -0.034766 -0.034766
24.605 -10.131 -10.131 -0.108911 -0.108911
24.61 -9.93807 -9.93807 -0.12797 -0.12797
24.615 -9.79472 -9.79472 -0.161404 -0.161404
24.62 -8.16214 -8.16214 -0.152839 -0.152839
24.625 -8.90991 -8.90991 -0.113386 -0.113386
24.63 -7.51776 -7.51776 -0.0852678 -0.0852678
24.635 -8.44067 -8.44067 0.018482 0.018482
24.64 -8.70719 -8.70719 0.0585902 0.0585902
24.645 -8.8986 -8.8986 0.139865 0.139865
24.65 -9.041 -9.041 0.195251 0.195251
24.655 -9.14197 -9.14197 0.161254 0.161254
24.66 -9.2185 -9.2185 0.130172 0.130172
24.665 -7.74062 -7.74062 0.0225552 0.0225552
24.67 -8.60652 -8.60652 0.00799917 0.00799917
24.675 -8.82586 -8.82586 -0.0443206 -0.0443206
24.68 -8.98862 -8.98862 0.00890632 0.00890632
24.685 -9.10441 -9.10441 -0.0598621 -0.0598621
24.69 -9.19172 -9.19172 -0.0135134 -0.0135134
24.695 -7.72145 -7.72145 0.0816978 0.0816978
24.7 -8.59321 -8.59321 0.128506 0.128506
24.705 -8.81675 -8.81675 0.145806 0.145806
24.71 -8.98258 -8.98258 0.0289791 0.0289791
24.715 -9.10061 -9.10061 0.0187016 0.0187016
24.72 -9.18954 -9.18954 -0.0265249 -0.0265249
24.725 -9.25161 -9.25161 -0.0478593 -0.0478593
24.73 -7.76865 -7.76865 -0.0181065 -0.0181065
24.735 -8.62542 -8.62542 -0.100984 -0.100984
24.74 -8.84378 -8.84378 -0.030673 -0.030673
24.745 -9.00008 -9.00008 -0.0780879 -0.0780879
24.75 -7.5858 -7.5858 0.0139443 0.0139443
24.755 -8.4926 -8.4926 0.0502354 0.0502354
24.76 -8.74708 -8.74708 0.102092 0.102092
24.765 -8.93012 -8.93012 0.133196 0.133196
24.77 -9.06632 -9.06632 0.040199 0.040199
24.775 -9.16281 -9.16281 0.0566897 0.0566897
24.78 -7.70493 -7.70493 -0.00156766 -0.00156766
24.785 -8.57998 -8.57998 -0.0653279 -0.0653279
24.79 -8.81165 -8.81165 -0.0549301 -0.0549301
24.795 -7.4465 -7.4465 -0.105655 -0.105655
24.8 -8.39485 -8.39485 -0.065051 -0.065051
24.805 -8.67417 -8.67417 -0.0884901 -0.0884901
24.81 -8.88062 -8.88062 -0.0040195 -0.0040195
24.815 -7.49711 -7.49711 -0.00410195 -0.00410195
24.82 -8.43209 -8.43209 0.0926029 0.0926029
24.825 -8.70168 -8.70168 0.136336 0.136336
24.83 -7.36993 -7.36993 0.117878 0.117878
24.835 -8.33685 -8.33685 0.160323 0.160323
24.84 -8.63546 -8.63546 0.0307384 0.0307384
24.845 -8.8502 -8.8502 0.0201181 0.0201181
24.85 -9.00964 -9.00964 -0.0306084 -0.0306084
24.855 -9.12301 -9.12301 -0.101717 -0.101717
24.86 -9.20858 -9.20858 -0.075629 -0.075629
24.865 -9.26816 -9.26816 -0.0639826 -0.0639826
24.87 -9.31454 -9.31454 0.0246588 0.0246588
24.875 -9.34557 -9.34557 -0.011694 -0.011694
24.88 -7.83999 -7.83999 0.0584818 0.0584818
24.885 -7.14916 -7.14916 0.0240614 0.0240614
24.89 -8.17999 -8.17999 0.035183 0.035183
24.895 -6.98821 -6.98821 0.113119 0.113119
24.9 -6.53175 -6.53175 0.00891188 0.00891188
24.905 -7.72754 -7.72754 0.11059 0.11059
24.91 -8.19286 -8.19286 0.0617409 0.0617409
24.915 -6.99791 -6.99791 0.076323 0.076323
24.92 -8.07027 -8.07027 0.0883194 0.0883194
24.925 -8.43993 -8.43993 0.110132 0.110132
24.93 -7.18107 -7.18107 0.124836 0.124836
24.935 -6.66996 -6.66996 0.0906161 0.0906161
24.94 -7.83168 -7.83168 0.11728 0.11728
24.945 -6.7353 -6.7353 0.0539869 0.0539869
24.95 -6.34832 -6.34832 0.0716202 0.0716202
24.955 -4.5324 -4.5324 0.00180422 0.00180422
24.96 -3.62125 -3.62125 -0.0461423 -0.0461423
24.965 -4.48574 -4.48574 -0.0503954 -0.0503954
24.97 -4.70965 -4.70965 -0.0873635 -0.0873635
24.975 -4.86992 -4.86992 -0.00204477 -0.00204477
24.98 -6.52077 -6.52077 0.0101554 0.0101554
24.985 -5.78071 -5.78071 0.0665161 0.0665161
24.99 -5.65329 -5.65329 0.0996572 0.0996572
24.995 -5.55764 -5.55764 0.102983 0.102983
25 -3.95978 -3.95978 0.127317 0.127317
25.005 -4.73277 -4.73277 0.11942 0.11942
25.01 -4.89004 -4.89004 0.103941 0.103941
25.015 -3.4706 -3.4706 0.00810476 0.00810476
25.02 -4.37943 -4.37943 -0.0523429 -0.0523429
25.025 -4.62985 -4.62985 -0.0625671 -0.0625671
25.03 -4.81522 -4.81522 -0.148329 -0.148329
25.035 -3.41626 -3.41626 -0.083253 -0.083253
25.04 -2.80888 -2.80888 -0.0704114 -0.0704114
25.045 -3.89463 -3.89463 0.0257035 0.0257035
25.05 -4.27976 -4.27976 0.0919078 0.0919078
25.055 -4.55748 -4.55748 0.182937 0.182937
25.06 -4.76273 -4.76273 0.242699 0.242699
25.065 -4.90941 -4.90941 0.222131 0.222131
25.07 -5.01922 -5.01922 0.233112 0.233112
25.075 -3.56522 -3.56522 0.147249 0.147249
25.08 -4.44884 -4.44884 0.119681 0.119681
25.085 -4.68094 -4.68094 0.0467699 0.0467699
25.09 -4.85294 -4.85294 -0.0360622 -0.0360622
25.095 -4.97542 -4.97542 -0.0411481 -0.0411481
25.1 -3.53644 -3.53644 -0.0183605 -0.0183605
25.105 -4.42519 -4.42519 0.0204871 0.0204871
25.11 -4.6668 -4.6668 0.0392721 0.0392721
25.115 -3.30881 -3.30881 0.11048 0.11048
25.12 -2.73126 -2.73126 0.0979218 0.0979218
25.125 -2.30757 -2.30757 0.0757948 0.0757948
25.13 -3.53357 -3.53357 0.075699 0.075699
25.135 -4.01432 -4.01432 -0.0408865 -0.0408865
25.14 -2.83653 -2.83653 0.0175173 0.0175173
25.145 -2.38435 -2.38435 -0.0467348 -0.0467348
25.15 -2.05792 -2.05792 -0.0403314 -0.0403314
25.155 -1.81714 -1.81714 -0.0597066 -0.0597066
25.16 -1.6447 -1.6447 -0.0618268 -0.0618268
25.165 -1.51615 -1.51615 0.0300845 0.0300845
25.17 -1.42543 -1.42543 0.0819495 0.0819495
25.175 0.174749 0.174749 0.1511 0.1511
25.18 -0.602388 -0.602388 0.123979 0.123979
25.185 -0.756765 -0.756765 0.110923 0.110923
25.19 -2.40332 -2.40332 0.0699806 0.0699806
25.195 -3.19116 -3.19116 0.0509292 0.0509292
25.2 -2.23692 -2.23692 0.00201368 0.00201368
25.205 -1.94763 -1.94763 -0.0445452 -0.0445452
25.21 -1.73981 -1.73981 0.000875145 0.000875145
25.215 -1.58549 -1.58549 0.0451314 0.0451314
25.22 -1.47601 -1.47601 0.0619882 0.0619882
25.225 0.138423 0.138423 0.116112 0.116112
25.23 -0.62906 -0.62906 0.115773 0.115773
25.235 -0.776261 -0.776261 0.156564 0.156564
25.24 -0.886443 -0.886443 0.176905 0.176905
25.245 -2.49492 -2.49492 0.167401 0.167401
25.25 -1.72974 -1.72974 0.157856 0.157856
25.255 -1.57816 -1.57816 0.0702245 0.0702245
25.26 -1.4707 -1.4707 0.0223891 0.0223891
25.265 -2.92064 -2.92064 0.00437786 0.00437786
25.27 -3.57104 -3.57104 0.0448384 0.0448384
25.275 -2.51086 -2.51086 0.00795396 0.00795396
25.28 -2.15027 -2.15027 0.0104606 0.0104606
25.285 -1.88463 -1.88463 0.0200298 0.0200298
25.29 -1.69407 -1.69407 0.0103489 0.0103489
25.295 -1.55227 -1.55227 0.0716805 0.0716805
25.3 -1.45194 -1.45194 0.0881142 0.0881142
25.305 -1.37587 -1.37587 0.152736 0.152736
25.31 -1.32344 -1.32344 0.182467 0.182467
25.315 -2.81344 -2.81344 0.204825 0.204825
25.32 -3.49309 -3.49309 0.220031 0.220031
25.325 -2.4542 -2.4542 0.19579 0.19579
25.33 -2.10911 -2.10911 0.159032 0.159032
25.335 -1.85474 -1.85474 0.142956 0.142956
25.34 -1.67241 -1.67241 0.129019 0.129019
25.345 -1.53663 -1.53663 0.105197 0.105197
25.35 -1.44064 -1.44064 0.0988862 0.0988862
25.355 -1.3678 -1.3678 0.082659 0.082659
25.36 0.213477 0.213477 0.0575054 0.0575054
25.365 0.959647 0.959647 0.0406402 0.0406402
25.37 1.50031 1.50031 0.0381369 0.0381369
25.375 1.89721 1.89721 0.0976539 0.0976539
25.38 3.71453 3.71453 0.124012 0.124012
25.385 3.10159 3.10159 0.12513 0.12513
25.39 3.06093 3.06093 0.111708 0.111708
25.395 3.03435 3.03435 0.141802 0.141802
25.4 3.01209 3.01209 0.143507 0.143507
25.405 2.99886 2.99886 0.147291 0.147291
25.41 2.98632 2.98632 0.0893583 0.0893583
25.415 2.98022 2.98022 -0.00121267 -0.00121267
25.42 2.97283 2.97283 -0.0722075 -0.0722075
25.425 2.97048 2.97048 -0.0947574 -0.0947574
25.43 2.96585 2.96585 -0.112815 -0.112815
25.435 4.49665 4.49665 -0.11836 -0.11836
25.44 5.20013 5.20013 -0.100327 -0.100327
25.445 4.18457 4.18457 -0.0818262 -0.0818262
25.45 3.85061 3.85061 0.0138333 0.0138333
25.455 3.61035 3.61035 0.0831551 0.0831551
25.46 3.43243 3.43243 0.197644 0.197644
25.465 3.3058 3.3058 0.212012 0.212012
25.47 3.21064 3.21064 0.24796 0.24796
25.475 1.61318 1.61318 0.2033 0.2033
25.48 2.38643 2.38643 0.153477 0.153477
25.485 2.54398 2.54398 0.149972 0.149972
25.49 2.65585 2.65585 0.0735603 0.0735603
25.495 2.74035 2.74035 0.0229336 0.0229336
25.5 2.799 2.799 -0.0287216 -0.0287216
25.505 2.84472 2.84472 -0.0187846 -0.0187846
25.51 2.87511 2.87511 -0.0294327 -0.0294327
25.515 2.90029 2.90029 0.0282662 0.0282662
25.52 2.91569 2.91569 0.042867 0.042867
25.525 2.92994 2.92994 0.0796308 0.0796308
25.53 2.93741 2.93741 0.13969 0.13969
25.535 1.41475 1.41475 0.153434 0.153434
25.54 2.24244 2.24244 0.174221 0.174221
25.545 2.43965 2.43965 0.131251 0.131251
25.55 2.58039 2.58039 0.088167 0.088167
25.555 2.68595 2.68595 0.0646322 0.0646322
25.56 2.75992 2.75992 0.00923973 0.00923973
25.565 2.81684 2.81684 0.0291582 0.0291582
25.57 2.85539 2.85539 0.049362 0.049362
25.575 2.8865 2.8865 0.0969436 0.0969436
25.58 2.90624 2.90624 0.12362 0.12362
25.585 2.92364 2.92364 0.143314 0.143314
25.59 2.9328 2.9328 0.139068 0.139068
25.595 1.41209 1.41209 0.145639 0.145639
25.6 2.2411 2.2411 0.137033 0.137033
25.605 2.43926 2.43926 0.119706 0.119706
25.61 2.58067 2.58067 0.0751781 0.0751781
25.615 2.68672 2.68672 0.0496384 0.0496384
25.62 2.76108 2.76108 0.0335056 0.0335056
25.625 2.81826 2.81826 0.0460032 0.0460032
25.63 2.857 2.857 -0.0410527 -0.0410527
25.635 2.88823 2.88823 0.0111979 0.0111979
25.64 2.90807 2.90807 0.0158202 0.0158202
25.645 2.92554 2.92554 0.0102194 0.0102194
25.65 2.93536 2.93536 0.0212416 0.0212416
25.655 1.4144 1.4144 0.0460566 0.0460566
25.66 0.712205 0.712205 0.0623904 0.0623904
25.665 1.73475 1.73475 0.0137485 0.0137485
25.67 2.068 2.068 0.0269086 0.0269086
25.675 2.31375 2.31375 -0.00804673 -0.00804673
25.68 2.48988 2.48988 -0.0226651 -0.0226651
25.685 2.6218 2.6218 -0.00795284 -0.00795284
25.69 4.24537 4.24537 -0.0211121 -0.0211121
25.695 3.49141 3.49141 -0.00447024 -0.00447024
25.7 3.34808 3.34808 -0.0263685 -0.0263685
25.705 3.24665 3.24665 -0.00760455 -0.00760455
25.71 3.16985 3.16985 0.0195591 0.0195591
25.715 3.11693 3.11693 0.0479011 0.0479011
25.72 3.07545 3.07545 0.0655861 0.0655861
25.725 3.04828 3.04828 0.0510861 0.0510861
25.73 3.02554 3.02554 0.087701 0.087701
25.735 3.012 3.012 0.0323813 0.0323813
25.74 2.99923 2.99923 0.0185366 0.0185366
25.745 2.99293 2.99293 -0.0325603 -0.0325603
25.75 4.51657 4.51657 -0.0519855 -0.0519855
25.755 5.22082 5.22082 -0.0650727 -0.0650727
25.76 4.19985 4.19985 -0.02084 -0.02084
25.765 3.86791 3.86791 0.0121323 0.0121323
25.77 3.62317 3.62317 0.0277037 0.0277037
25.775 3.44792 3.44792 0.0285673 0.0285673
25.78 3.31732 3.31732 0.0894725 0.0894725
25.785 3.22521 3.22521 0.131567 0.131567
25.79 4.6863 4.6863 0.168064 0.168064
25.795 3.81387 3.81387 0.15154 0.15154
25.8 3.58414 3.58414 0.133745 0.133745
25.805 3.41983 3.41983 0.0899096 0.0899096
25.81 3.29724 3.29724 0.0683322 0.0683322
25.815 3.21095 3.21095 -0.0204966 -0.0204966
25.82 4.67628 4.67628 -0.0648034 -0.0648034
25.825 5.33809 5.33809 -0.147307 -0.147307
25.83 5.81731 5.81731 -0.137768 -0.137768
25.835 6.1695 6.1695 -0.133626 -0.133626
25.84 4.89206 4.89206 -0.0698741 -0.0698741
25.845 4.37328 4.37328 0.00173031 0.00173031
25.85 3.99245 3.99245 0.0956303 0.0956303
25.855 5.24916 5.24916 0.178486 0.178486
25.86 5.753 5.753 0.272604 0.272604
25.865 6.12313 6.12313 0.280952 0.280952
25.87 4.85878 4.85878 0.239363 0.239363
25.875 4.34949 4.34949 0.186088 0.186088
25.88 3.97558 3.97558 0.049045 0.049045
25.885 3.70619 3.70619 -0.0461327 -0.0461327
25.89 5.03815 5.03815 -0.135152 -0.135152
25.895 4.07166 4.07166 -0.220725 -0.220725
25.9 3.77345 3.77345 -0.231628 -0.231628
25.905 3.55922 3.55922 -0.148725 -0.148725
25.91 1.8691 1.8691 -0.0461784 -0.0461784
25.915 1.04958 1.04958 0.0963782 0.0963782
25.92 0.449629 0.449629 0.185201 0.185201
25.925 0.0155648 0.0155648 0.25839 0.25839
25.93 -0.303626 -0.303626 0.32683 0.32683
25.935 0.997937 0.997937 0.333108 0.333108
25.94 1.53441 1.53441 0.296968 0.296968
25.945 1.92825 1.92825 0.251557 0.251557
25.95 0.68111 0.68111 0.161135 0.161135
25.955 0.184305 0.184305 0.0974947 0.0974947
25.96 -0.180559 -0.180559 -0.00560994 -0.00560994
25.965 -0.443397 -0.443397 -0.0651728 -0.0651728
25.97 -0.637821 -0.637821 -0.0578606 -0.0578606
25.975 -0.776536 -0.776536 0.041908 0.041908
25.98 -0.880521 -0.880521 0.0790471 0.0790471
25.985 -0.953301 -0.953301 0.117593 0.117593
25.99 0.521848 0.521848 0.154909 0.154909
25.995 1.19069 1.19069 0.180914 0.180914
26 0.143876 0.143876 0.250054 0.250054
26.005 1.3242 1.3242 0.224824 0.224824
26.01 1.77233 1.77233 0.167854 0.167854
26.015 0.570665 0.570665 0.0962644 0.0962644
26.02 0.101106 0.101106 0.0432272 0.0432272
26.025 -0.238012 -0.238012 0.0419218 0.0419218
26.03 -0.488026 -0.488026 0.00139311 0.00139311
26.035 -0.667194 -0.667194 -7.88271e-06 -7.88271e-06
26.04 -0.800665 -0.800665 -0.0167442 -0.0167442
26.045 0.636201 0.636201 0.00251885 0.00251885
26.05 1.27126 1.27126 0.0206882 0.0206882
26.055 0.204879 0.204879 0.056851 0.056851
26.06 1.3652 1.3652 0.0848031 0.0848031
26.065 1.80477 1.80477 0.051052 0.051052
26.07 0.59093 0.59093 0.0891511 0.0891511
26.075 0.118367 0.118367 0.126353 0.126353
26.08 -0.228785 -0.228785 0.143435 0.143435
26.085 -0.478822 -0.478822 0.19907 0.19907
26.09 -0.663855 -0.663855 0.264444 0.264444
26.095 0.735395 0.735395 0.277591 0.277591
26.1 -0.188057 -0.188057 0.29355 0.29355
26.105 -0.44906 -0.44906 0.27435 0.27435
26.11 0.888975 0.888975 0.227275 0.227275
26.115 -0.0731897 -0.0731897 0.197881 0.197881
26.12 -0.368233 -0.368233 0.170241 0.170241
26.125 -0.580297 -0.580297 0.059287 0.059287
26.13 -0.737678 -0.737678 0.0630936 0.0630936
26.135 -0.849409 -0.849409 0.0472613 0.0472613
26.14 -0.933727 -0.933727 0.0300951 0.0300951
26.145 -2.52338 -2.52338 0.0949819 0.0949819
26.15 -1.7436 -1.7436 0.121638 0.121638
26.155 -1.58163 -1.58163 0.194817 0.194817
26.16 -1.46657 -1.46657 0.331698 0.331698
26.165 0.151345 0.151345 0.372216 0.372216
26.17 -0.612872 -0.612872 0.385339 0.385339
26.175 -0.757832 -0.757832 0.330326 0.330326
26.18 -0.866393 -0.866393 0.216775 0.216775
26.185 -0.942534 -0.942534 0.15551 0.15551
26.19 -2.53209 -2.53209 0.071544 0.071544
26.195 -1.74726 -1.74726 -0.0244256 -0.0244256
26.2 -1.58724 -1.58724 -0.0851805 -0.0851805
26.205 -1.46775 -1.46775 -0.179728 -0.179728
26.21 0.147495 0.147495 -0.184951 -0.184951
26.215 0.918432 0.918432 -0.126437 -0.126437
26.22 -0.0540069 -0.0540069 -0.00746563 -0.00746563
26.225 -0.350671 -0.350671 0.0821683 0.0821683
26.23 -0.569767 -0.569767 0.172199 0.172199
26.235 -0.726408 -0.726408 0.291366 0.291366
26.24 0.687645 0.687645 0.33339 0.33339
26.245 -0.219121 -0.219121 0.397498 0.397498
26.25 -0.473878 -0.473878 0.418001 0.418001
26.255 -0.656502 -0.656502 0.364146 0.364146
26.26 -0.7925 -0.7925 0.324982 0.324982
26.265 -0.888618 -0.888618 0.259776 0.259776
26.27 -0.961589 -0.961589 0.165662 0.165662
26.275 -1.01182 -1.01182 0.109933 0.109933
26.28 -1.05132 -1.05132 0.0378777 0.0378777
26.285 -1.07717 -1.07717 0.0515801 0.0515801
26.29 -1.09896 -1.09896 0.0838873 0.0838873
26.295 -1.11188 -1.11188 0.0789911 0.0789911
26.3 -2.65538 -2.65538 0.120934 0.120934
26.305 -3.36816 -3.36816 0.159789 0.159789
26.31 -3.89036 -3.89036 0.235323 0.235323
26.315 -2.73676 -2.73676 0.307448 0.307448
26.32 -2.30812 -2.30812 0.356612 0.356612
26.325 -1.99292 -1.99292 0.356776 0.356776
26.33 -3.29735 -3.29735 0.400754 0.400754
26.335 -3.83599 -3.83599 0.4036 0.4036
26.34 -2.7002 -2.7002 0.348653 0.348653
26.345 -3.80981 -3.80981 0.294185 0.294185
26.35 -4.21232 -4.21232 0.237968 0.237968
26.355 -4.50272 -4.50272 0.173613 0.173613
26.36 -3.18607 -3.18607 0.0921209 0.0921209
26.365 -4.16395 -4.16395 0.0743761 0.0743761
26.37 -4.47047 -4.47047 0.0938765 0.0938765
26.375 -4.69095 -4.69095 0.0841538 0.0841538
26.38 -3.32336 -3.32336 0.144452 0.144452
26.385 -2.73295 -2.73295 0.162173 0.162173
26.39 -3.83691 -3.83691 0.26865 0.26865
26.395 -2.69833 -2.69833 0.292325 0.292325
26.4 -2.28063 -2.28063 0.30407 0.30407
26.405 -1.97336 -1.97336 0.295577 0.295577
26.41 -3.28361 -3.28361 0.314915 0.314915
26.415 -3.8265 -3.8265 0.368689 0.368689
26.42 -4.22491 -4.22491 0.330206 0.330206
26.425 -2.98116 -2.98116 0.295951 0.295951
26.43 -4.01794 -4.01794 0.186254 0.186254
26.435 -4.36159 -4.36159 0.161914 0.161914
26.44 -3.08378 -3.08378 0.168451 0.168451
26.445 -2.55873 -2.55873 0.15728 0.15728
26.45 -3.71034 -3.71034 0.106014 0.106014
26.455 -4.13762 -4.13762 0.110783 0.110783
26.46 -2.92071 -2.92071 0.116539 0.116539
26.465 -3.97122 -3.97122 0.124042 0.124042
26.47 -4.33068 -4.33068 0.171325 0.171325
26.475 -4.58968 -4.58968 0.204978 0.204978
26.48 -4.78133 -4.78133 0.227698 0.227698
26.485 -3.38692 -3.38692 0.268698 0.268698
26.49 -4.31398 -4.31398 0.290909 0.290909
26.495 -4.5777 -4.5777 0.292773 0.292773
26.5 -4.77275 -4.77275 0.306125 0.306125
26.505 -4.912 -4.912 0.330016 0.330016
26.51 -5.01642 -5.01642 0.320179 0.320179
26.515 -5.08963 -5.08963 0.283932 0.283932
26.52 -5.14592 -5.14592 0.216203 0.216203
26.525 -5.1835 -5.1835 0.142801 0.142801
26.53 -5.21369 -5.21369 0.153129 0.153129
26.535 -5.23291 -5.23291 0.06239 0.06239
26.54 -6.78104 -6.78104 0.037668 0.037668
26.545 -5.96609 -5.96609 0.0194767 0.0194767
26.55 -5.78417 -5.78417 0.0950746 0.0950746
26.555 -5.64878 -5.64878 0.234238 0.234238
26.56 -4.022 -4.022 0.350542 0.350542
26.565 -3.24273 -3.24273 0.430108 0.430108
26.57 -4.20912 -4.20912 0.458258 0.458258
26.575 -4.5015 -4.5015 0.409166 0.409166
26.58 -4.71745 -4.71745 0.403449 0.403449
26.585 -4.87188 -4.87188 0.366292 0.366292
26.59 -4.98739 -4.98739 0.340689 0.340689
26.595 -5.06866 -5.06866 0.18155 0.18155
26.6 -3.59971 -3.59971 0.0708368 0.0708368
26.605 -2.93543 -2.93543 -0.0576604 -0.0576604
26.61 -3.98559 -3.98559 -0.0473343 -0.0473343
26.615 -4.33897 -4.33897 -0.0335516 -0.0335516
26.62 -3.0688 -3.0688 0.0218187 0.0218187
26.625 -4.08065 -4.08065 0.100835 0.100835
26.63 -4.41188 -4.41188 0.220107 0.220107
26.635 -3.11915 -3.11915 0.268668 0.268668
26.64 -2.58914 -2.58914 0.315718 0.315718
26.645 -2.20009 -2.20009 0.334175 0.334175
26.65 -3.45077 -3.45077 0.321049 0.321049
26.655 -3.9502 -3.9502 0.232638 0.232638
26.66 -4.317 -4.317 0.146943 0.146943
26.665 -4.5814 -4.5814 0.0227398 0.0227398
26.67 -4.77692 -4.77692 -0.00129201 -0.00129201
26.675 -4.91653 -4.91653 -0.0401113 -0.0401113
26.68 -3.49003 -3.49003 -0.0252681 -0.0252681
26.685 -4.38789 -4.38789 0.0594676 0.0594676
26.69 -4.63612 -4.63612 0.0800402 0.0800402
26.695 -4.81413 -4.81413 0.1695 0.1695
26.7 -4.94675 -4.94675 0.213089 0.213089
26.705 -5.04053 -5.04053 0.236695 0.236695
26.71 -5.11179 -5.11179 0.212958 0.212958
26.715 -5.16086 -5.16086 0.169742 0.169742
26.72 -3.66841 -3.66841 0.164635 0.164635
26.725 -4.51823 -4.51823 0.109023 0.109023
26.73 -4.73145 -4.73145 0.123135 0.123135
26.735 -4.88395 -4.88395 0.139136 0.139136
26.74 -4.998 -4.998 0.0897113 0.0897113
26.745 -5.07824 -5.07824 0.0730776 0.0730776
26.75 -5.13964 -5.13964 0.11123 0.11123
26.755 -5.18155 -5.18155 0.134685 0.134685
26.76 -3.68386 -3.68386 0.132768 0.132768
26.765 -4.52984 -4.52984 0.112904 0.112904
26.77 -4.74029 -4.74029 0.161158 0.161158
26.775 -6.42194 -6.42194 0.151258 0.151258
26.78 -5.71003 -5.71003 0.192139 0.192139
26.785 -5.59739 -5.59739 0.18082 0.18082
26.79 -5.51826 -5.51826 0.164874 0.164874
26.795 -5.45779 -5.45779 0.139434 0.139434
26.8 -3.88555 -3.88555 0.119685 0.119685
26.805 -4.67721 -4.67721 0.107545 0.107545
26.81 -4.84809 -4.84809 0.112901 0.112901
26.815 -4.96974 -4.96974 0.109074 0.109074
26.82 -5.06129 -5.06129 0.0910356 0.0910356
26.825 -5.12516 -5.12516 0.0682252 0.0682252
26.83 -5.17463 -5.17463 0.0691624 0.0691624
26.835 -5.20783 -5.20783 0.0351945 0.0351945
26.84 -5.23496 -5.23496 0.0485479 0.0485479
26.845 -5.25187 -5.25187 0.0948598 0.0948598
26.85 -5.26716 -5.26716 0.123358 0.123358
26.855 -5.27547 -5.27547 0.174357 0.174357
26.86 -5.28446 -5.28446 0.209605 0.209605
26.865 -5.28817 -5.28817 0.247133 0.247133
26.87 -3.7627 -3.7627 0.26916 0.26916
26.875 -3.05726 -3.05726 0.246464 0.246464
26.88 -2.5463 -2.5463 0.25385 0.25385
26.885 -3.70229 -3.70229 0.179508 0.179508
26.89 -4.13858 -4.13858 0.162292 0.162292
26.895 -4.45358 -4.45358 0.0613585 0.0613585
26.9 -4.68601 -4.68601 0.0872553 0.0872553
26.905 -4.85248 -4.85248 0.0648396 0.0648396
26.91 -4.9767 -4.9767 0.0604494 0.0604494
26.915 -3.53317 -3.53317 0.0360618 0.0360618
26.92 -2.89332 -2.89332 0.0483175 0.0483175
26.925 -3.95542 -3.95542 0.0601084 0.0601084
26.93 -4.32329 -4.32329 0.0522653 0.0522653
26.935 -3.0573 -3.0573 0.116182 0.116182
26.94 -4.0779 -4.0779 0.122758 0.122758
26.945 -4.40975 -4.40975 0.192272 0.192272
26.95 -4.65445 -4.65445 0.176892 0.176892
26.955 -3.29871 -3.29871 0.165725 0.165725
26.96 -2.7228 -2.7228 0.14701 0.14701
26.965 -3.83148 -3.83148 0.124543 0.124543
26.97 -4.23327 -4.23327 0.158579 0.158579
26.975 -4.52317 -4.52317 0.128879 0.128879
26.98 -4.73788 -4.73788 0.131365 0.131365
26.985 -4.89069 -4.89069 0.115642 0.115642
26.99 -5.00515 -5.00515 0.101862 0.101862
26.995 -3.55451 -3.55451 0.174209 0.174209
27 -4.44061 -4.44061 0.176662 0.176662
27.005 -4.67447 -4.67447 0.151857 0.151857
27.01 -4.8478 -4.8478 0.172878 0.172878
27.015 -4.97122 -4.97122 0.146689 0.146689
27.02 -5.06408 -5.06408 0.166038 0.166038
27.025 -5.12888 -5.12888 0.166002 0.166002
27.03 -5.17902 -5.17902 0.23166 0.23166
27.035 -3.68154 -3.68154 0.242488 0.242488
27.04 -3.00241 -3.00241 0.256668 0.256668
27.045 -4.03585 -4.03585 0.303773 0.303773
27.05 -4.38289 -4.38289 0.295321 0.295321
27.055 -6.16401 -6.16401 0.318255 0.318255
27.06 -5.5246 -5.5246 0.224447 0.224447
27.065 -5.46475 -5.46475 0.203415 0.203415
27.07 -5.42409 -5.42409 0.11955 0.11955
27.075 -3.85989 -3.85989 0.088273 0.088273
27.08 -3.13287 -3.13287 0.0705706 0.0705706
27.085 -4.1313 -4.1313 0.0613826 0.0613826
27.09 -4.45281 -4.45281 0.0860924 0.0860924
27.095 -3.15304 -3.15304 0.0675304 0.0675304
27.1 -4.14901 -4.14901 0.140426 0.140426
27.105 -4.46294 -4.46294 0.20933 0.20933
27.11 -4.69458 -4.69458 0.25816 0.25816
27.115 -3.32928 -3.32928 0.210568 0.210568
27.12 -4.27758 -4.27758 0.229438 0.229438
27.125 -4.55675 -4.55675 0.209151 0.209151
27.13 -4.76307 -4.76307 0.170271 0.170271
27.135 -6.44169 -6.44169 0.140514 0.140514
27.14 -5.72762 -5.72762 0.108175 0.108175
27.145 -5.61335 -5.61335 0.0804625 0.0804625
27.15 -4.00193 -4.00193 0.0806245 0.0806245
27.155 -4.76508 -4.76508 0.119818 0.119818
27.16 -4.91514 -4.91514 0.189994 0.189994
27.165 -5.02166 -5.02166 0.306726 0.306726
27.17 -6.63332 -6.63332 0.340976 0.340976
27.175 -7.39585 -7.39585 0.341853 0.341853
27.18 -6.42319 -6.42319 0.373098 0.373098
27.185 -6.12055 -6.12055 0.335984 0.335984
27.19 -5.90305 -5.90305 0.286355 0.286355
27.195 -5.74175 -5.74175 0.187567 0.187567
27.2 -5.62719 -5.62719 0.139725 0.139725
27.205 -5.54088 -5.54088 0.120075 0.120075
27.21 -7.01211 -7.01211 0.0823626 0.0823626
27.215 -6.14121 -6.14121 0.116739 0.116739
27.22 -5.91848 -5.91848 0.146026 0.146026
27.225 -5.75339 -5.75339 0.16858 0.16858
27.23 -5.63608 -5.63608 0.2172 0.2172
27.235 -5.54774 -5.54774 0.177652 0.177652
27.24 -5.48635 -5.48635 0.207772 0.207772
27.245 -6.96995 -6.96995 0.169405 0.169405
27.25 -6.1138 -6.1138 0.0733095 0.0733095
27.255 -5.89603 -5.89603 0.106248 0.106248
27.26 -5.74036 -5.74036 0.0570435 0.0570435
27.265 -4.09291 -4.09291 0.126899 0.126899
27.27 -3.30453 -3.30453 0.11537 0.11537
27.275 -4.25841 -4.25841 0.176398 0.176398
27.28 -4.54747 -4.54747 0.241854 0.241854
27.285 -6.28638 -6.28638 0.28787 0.28787
27.29 -5.61621 -5.61621 0.295866 0.295866
27.295 -5.53394 -5.53394 0.294642 0.294642
27.3 -5.47695 -5.47695 0.300066 0.300066
27.305 -5.4326 -5.4326 0.260451 0.260451
27.31 -5.40324 -5.40324 0.174454 0.174454
27.315 -5.379 -5.379 0.0643137 0.0643137
27.32 -6.89543 -6.89543 0.0503735 0.0503735
27.325 -6.05745 -6.05745 0.0906729 0.0906729
27.33 -5.8587 -5.8587 0.132268 0.132268
27.335 -5.71106 -5.71106 0.211911 0.211911
27.34 -4.07535 -4.07535 0.30622 0.30622
27.345 -4.82076 -4.82076 0.350205 0.350205
27.35 -4.95798 -4.95798 0.364391 0.364391
27.355 -5.05508 -5.05508 0.359147 0.359147
27.36 -6.6599 -6.6599 0.31075 0.31075
27.365 -7.41745 -7.41745 0.230601 0.230601
27.37 -6.44116 -6.44116 0.165154 0.165154
27.375 -6.13588 -6.13588 0.107541 0.107541
27.38 -5.91644 -5.91644 0.110664 0.110664
27.385 -5.75371 -5.75371 0.0779707 0.0779707
27.39 -5.63816 -5.63816 0.0282715 0.0282715
27.395 -7.08228 -7.08228 0.0692853 0.0692853
27.4 -6.19737 -6.19737 0.141412 0.141412
27.405 -5.95864 -5.95864 0.211257 0.211257
27.41 -5.78769 -5.78769 0.307667 0.307667
27.415 -5.66033 -5.66033 0.341305 0.341305
27.42 -5.5705 -5.5705 0.349736 0.349736
27.425 -5.50221 -5.50221 0.321516 0.321516
27.43 -6.98658 -6.98658 0.321512 0.321512
27.435 -7.65633 -7.65633 0.324312 0.324312
27.44 -6.61609 -6.61609 0.242738 0.242738
27.445 -7.79564 -7.79564 0.162262 0.162262
27.45 -8.24881 -8.24881 0.0893247 0.0893247
27.455 -7.04509 -7.04509 0.105388 0.105388
27.46 -8.11106 -8.11106 0.0989167 0.0989167
27.465 -8.47605 -8.47605 0.146346 0.146346
27.47 -8.74493 -8.74493 0.146475 0.146475
27.475 -7.40688 -7.40688 0.158725 0.158725
27.48 -8.37499 -8.37499 0.196815 0.196815
27.485 -8.66871 -8.66871 0.245488 0.245488
27.49 -7.35453 -7.35453 0.24456 0.24456
27.495 -8.33427 -8.33427 0.240605 0.240605
27.5 -8.64217 -8.64217 0.287979 0.287979
27.505 -8.86371 -8.86371 0.285865 0.285865
27.51 -7.49694 -7.49694 0.208022 0.208022
27.515 -8.43838 -8.43838 0.163442 0.163442
27.52 -8.71837 -8.71837 0.190057 0.190057
27.525 -8.91962 -8.91962 0.16774 0.16774
27.53 -9.06919 -9.06919 0.110338 0.110338
27.535 -9.17541 -9.17541 0.00421552 0.00421552
27.54 -7.72432 -7.72432 -0.032672 -0.032672
27.545 -7.07354 -7.07354 -0.029212 -0.029212
27.55 -8.13345 -8.13345 -0.0518507 -0.0518507
27.555 -6.96288 -6.96288 -0.0691419 -0.0691419
27.56 -8.053 -8.053 -0.066246 -0.066246
27.565 -8.43558 -8.43558 0.0579263 0.0579263
27.57 -8.71729 -8.71729 0.139185 0.139185
27.575 -7.38858 -7.38858 0.210567 0.210567
27.58 -8.36351 -8.36351 0.32223 0.32223
27.585 -8.66217 -8.66217 0.423603 0.423603
27.59 -7.35158 -7.35158 0.386814 0.386814
27.595 -6.8028 -6.8028 0.345311 0.345311
27.6 -7.93708 -7.93708 0.299103 0.299103
27.605 -8.35187 -8.35187 0.210103 0.210103
27.61 -7.12586 -7.12586 0.086059 0.086059
27.615 -8.16983 -8.16983 -0.0718168 -0.0718168
27.62 -6.99342 -6.99342 -0.0834971 -0.0834971
27.625 -6.54235 -6.54235 -0.0750163 -0.0750163
27.63 -7.74784 -7.74784 -0.00799625 -0.00799625
27.635 -8.2145 -8.2145 0.0738978 0.0738978
27.64 -8.5574 -8.5574 0.19965 0.19965
27.645 -7.27329 -7.27329 0.270261 0.270261
27.65 -6.74957 -6.74957 0.333507 0.333507
27.655 -6.36519 -6.36519 0.356649 0.356649
27.66 -6.08814 -6.08814 0.32391 0.32391
27.665 -5.88345 -5.88345 0.23311 0.23311
27.67 -7.26844 -7.26844 0.149106 0.149106
27.675 -6.33468 -6.33468 0.00973427 0.00973427
27.68 -6.06618 -6.06618 -0.07123 -0.07123
27.685 -5.86774 -5.86774 -0.119488 -0.119488
27.69 -7.25725 -7.25725 -0.146413 -0.146413
27.695 -6.32681 -6.32681 -0.119481 -0.119481
27.7 -6.06072 -6.06072 -0.0347558 -0.0347558
27.705 -7.39519 -7.39519 0.0259104 0.0259104
27.71 -6.43039 -6.43039 0.121766 0.121766
27.715 -6.1335 -6.1335 0.214815 0.214815
27.72 -5.92017 -5.92017 0.28253 0.28253
27.725 -5.76192 -5.76192 0.290953 0.290953
27.73 -5.64958 -5.64958 0.317078 0.317078
27.735 -5.56489 -5.56489 0.281624 0.281624
27.74 -7.03727 -7.03727 0.248755 0.248755
27.745 -7.69835 -7.69835 0.134749 0.134749
27.75 -6.65179 -6.65179 0.0520618 0.0520618
27.755 -6.29531 -6.29531 0.0406812 0.0406812
27.76 -6.03858 -6.03858 -0.00290528 -0.00290528
27.765 -5.8487 -5.8487 -0.0174809 -0.0174809
27.77 -5.71334 -5.71334 -0.0318358 -0.0318358
27.775 -5.61187 -5.61187 -0.0426353 -0.0426353
27.78 -7.07206 -7.07206 -0.0167315 -0.0167315
27.785 -6.19306 -6.19306 0.0323499 0.0323499
27.79 -5.96446 -5.96446 -0.00327982 -0.00327982
27.795 -7.32628 -7.32628 -0.00737196 -0.00737196
27.8 -6.38136 -6.38136 0.0346017 0.0346017
27.805 -6.09897 -6.09897 0.0527983 0.0527983
27.81 -5.89619 -5.89619 0.1137 0.1137
27.815 -7.27679 -7.27679 0.0950207 0.0950207
27.82 -6.3456 -6.3456 0.102524 0.102524
27.825 -6.07319 -6.07319 0.0408276 0.0408276
27.83 -5.87769 -5.87769 -0.00741713 -0.00741713
27.835 -5.73243 -5.73243 0.0109889 0.0109889
27.84 -5.62956 -5.62956 -0.0230802 -0.0230802
27.845 -5.55176 -5.55176 -0.0202811 -0.0202811
27.85 -7.02919 -7.02919 -0.0958578 -0.0958578
27.855 -7.69392 -7.69392 -0.0701022 -0.0701022
27.86 -6.65003 -6.65003 -0.0633859 -0.0633859
27.865 -6.29547 -6.29547 -0.0967194 -0.0967194
27.87 -7.57128 -7.57128 -0.0414558 -0.0414558
27.875 -6.55802 -6.55802 -0.0840577 -0.0840577
27.88 -6.23158 -6.23158 -0.0454323 -0.0454323
27.885 -5.99094 -5.99094 0.015104 0.015104
27.89 -5.81858 -5.81858 0.0449134 0.0449134
27.895 -5.6902 -5.6902 0.0220186 0.0220186
27.9 -5.59958 -5.59958 0.0299792 0.0299792
27.905 -7.06218 -7.06218 0.109724 0.109724
27.91 -6.19038 -6.19038 0.135235 0.135235
27.915 -5.96131 -5.96131 0.0643439 0.0643439
27.92 -7.32851 -7.32851 0.00950393 0.00950393
27.925 -7.91295 -7.91295 -0.0308668 -0.0308668
27.93 -6.81056 -6.81056 -0.0469514 -0.0469514
27.935 -6.41341 -6.41341 -0.0940682 -0.0940682
27.94 -7.65821 -7.65821 -0.0514335 -0.0514335
27.945 -6.6223 -6.6223 -0.125738 -0.125738
27.95 -6.27938 -6.27938 -0.105929 -0.105929
27.955 -7.55789 -7.55789 -0.0813061 -0.0813061
27.96 -8.08345 -8.08345 -0.0692095 -0.0692095
27.965 -6.93241 -6.93241 0.0281697 0.0281697
27.97 -6.50561 -6.50561 0.0867182 0.0867182
27.975 -7.72304 -7.72304 0.141283 0.141283
27.98 -8.2041 -8.2041 0.075787 0.075787
27.985 -7.02061 -7.02061 0.104094 0.104094
27.99 -8.10133 -8.10133 0.0863585 0.0863585
27.995 -8.47708 -8.47708 0.0221722 0.0221722
28 -7.22237 -7.22237 -0.00401215 -0.00401215
28.005 -6.71466 -6.71466 -0.130973 -0.130973
28.01 -7.87876 -7.87876 -0.0723028 -0.0723028
28.015 -6.78412 -6.78412 -0.138436 -0.138436
28.02 -6.39839 -6.39839 -0.159621 -0.159621
28.025 -7.64571 -7.64571 -0.126702 -0.126702
28.03 -8.14858 -8.14858 -0.0905405 -0.0905405
28.035 -6.981 -6.981 -0.0139653 -0.0139653
28.04 -6.54216 -6.54216 0.0372601 0.0372601
28.045 -6.21962 -6.21962 0.0647992 0.0647992
28.05 -5.98762 -5.98762 0.11983 0.11983
28.055 -5.81576 -5.81576 0.0886397 0.0886397
28.06 -5.69353 -5.69353 0.0997757 0.0997757
28.065 -7.13276 -7.13276 0.0457157 0.0457157
28.07 -6.24432 -6.24432 -0.00384974 -0.00384974
28.075 -6.00302 -6.00302 -0.0373275 -0.0373275
28.08 -5.83018 -5.83018 -0.0353375 -0.0353375
28.085 -5.70145 -5.70145 -0.141308 -0.141308
28.09 -5.61061 -5.61061 -0.129229 -0.129229
28.095 -5.54161 -5.54161 -0.120575 -0.120575
28.1 -7.0254 -7.0254 -0.0705697 -0.0705697
28.105 -6.16363 -6.16363 0.0179387 0.0179387
28.11 -5.94758 -5.94758 0.0641654 0.0641654
28.115 -5.78735 -5.78735 0.138395 0.138395
28.12 -4.14246 -4.14246 0.1136 0.1136
28.125 -4.88117 -4.88117 0.166624 0.166624
28.13 -5.01348 -5.01348 0.177744 0.177744
28.135 -5.10705 -5.10705 0.156356 0.156356
28.14 -6.70927 -6.70927 0.119489 0.119489
28.145 -5.93377 -5.93377 0.0292559 0.0292559
28.15 -5.78057 -5.78057 -0.00826925 -0.00826925
28.155 -5.66609 -5.66609 -0.0719735 -0.0719735
28.16 -5.58567 -5.58567 -0.0881339 -0.0881339
28.165 -5.52423 -5.52423 -0.130969 -0.130969
28.17 -5.48243 -5.48243 -0.102039 -0.102039
28.175 -6.98031 -6.98031 -0.0331173 -0.0331173
28.18 -6.13453 -6.13453 0.0283349 0.0283349
28.185 -5.92434 -5.92434 0.0622926 0.0622926
28.19 -5.7742 -5.7742 0.084483 0.084483
28.195 -5.66195 -5.66195 0.0711003 0.0711003
28.2 -5.58316 -5.58316 0.0810625 0.0810625
28.205 -5.5229 -5.5229 0.0640358 0.0640358
28.21 -7.01309 -7.01309 0.0738597 0.0738597
28.215 -7.68711 -7.68711 -0.0253106 -0.0253106
28.22 -6.64999 -6.64999 -0.0255667 -0.0255667
28.225 -6.3004 -6.3004 0.00499728 0.00499728
28.23 -7.5798 -7.5798 0.0823362 0.0823362
28.235 -6.56914 -6.56914 0.0959976 0.0959976
28.24 -6.24463 -6.24463 0.125498 0.125498
28.245 -7.53653 -7.53653 0.148145 0.148145
28.25 -8.07184 -8.07184 0.0720902 0.0720902
28.255 -6.9279 -6.9279 0.0625574 0.0625574
28.26 -8.03744 -8.03744 0.00304376 0.00304376
28.265 -8.43414 -8.43414 -0.045527 -0.045527
28.27 -7.195 -7.195 -0.0647859 -0.0647859
28.275 -8.2294 -8.2294 -0.111065 -0.111065
28.28 -8.57714 -8.57714 -0.0989218 -0.0989218
28.285 -8.82771 -8.82771 -0.00865766 -0.00865766
28.29 -7.48211 -7.48211 0.0909737 0.0909737
28.295 -8.43894 -8.43894 0.164952 0.164952
28.3 -8.73016 -8.73016 0.218119 0.218119
28.305 -7.40839 -7.40839 0.251271 0.251271
28.31 -8.38835 -8.38835 0.159154 0.159154
28.315 -8.69072 -8.69072 0.113795 0.113795
28.32 -8.91395 -8.91395 -0.031561 -0.031561
28.325 -7.54268 -7.54268 -0.11807 -0.11807
28.33 -8.48657 -8.48657 -0.185257 -0.185257
28.335 -8.76262 -8.76262 -0.220049 -0.220049
28.34 -7.43561 -7.43561 -0.166873 -0.166873
28.345 -8.40599 -8.40599 -0.113559 -0.113559
28.35 -8.70708 -8.70708 -0.0447589 -0.0447589
28.355 -7.39251 -7.39251 0.044236 0.044236
28.36 -6.84659 -6.84659 0.176482 0.176482
28.365 -7.9772 -7.9772 0.291674 0.291674
28.37 -6.86475 -6.86475 0.28402 0.28402
28.375 -6.45978 -6.45978 0.251633 0.251633
28.38 -7.69922 -7.69922 0.193252 0.193252
28.385 -8.19048 -8.19048 0.0934384 0.0934384
28.39 -7.02022 -7.02022 0.0353857 0.0353857
28.395 -8.10481 -8.10481 -0.0892364 -0.0892364
28.4 -8.48911 -8.48911 -0.205669 -0.205669
28.405 -7.23516 -7.23516 -0.266466 -0.266466
28.41 -8.26454 -8.26454 -0.235607 -0.235607
28.415 -8.60286 -8.60286 -0.158916 -0.158916
28.42 -8.85231 -8.85231 -0.0748211 -0.0748211
28.425 -7.50012 -7.50012 0.0471285 0.0471285
28.43 -8.45792 -8.45792 0.128412 0.128412
28.435 -8.7441 -8.7441 0.201706 0.201706
28.44 -8.95558 -8.95558 0.210296 0.210296
28.445 -9.10689 -9.10689 0.224337 0.224337
28.45 -9.22007 -9.22007 0.13651 0.13651
28.455 -9.29977 -9.29977 0.126537 0.126537
28.46 -9.36081 -9.36081 0.0813646 0.0813646
28.465 -9.40166 -9.40166 -0.0348057 -0.0348057
28.47 -9.43491 -9.43491 -0.0647741 -0.0647741
28.475 -9.45602 -9.45602 -0.0759121 -0.0759121
28.48 -9.47444 -9.47444 -0.0325242 -0.0325242
28.485 -9.48511 -9.48511 -0.0549267 -0.0549267
28.49 -9.49585 -9.49585 -0.0187982 -0.0187982
28.495 -9.50092 -9.50092 0.00398369 0.00398369
28.5 -9.50756 -9.50756 0.0957069 0.0957069
28.505 -9.50967 -9.50967 0.170836 0.170836
28.51 -9.51417 -9.51417 0.256392 0.256392
28.515 -9.51468 -9.51468 0.216986 0.216986
28.52 -9.51804 -9.51804 0.18443 0.18443
28.525 -9.51772 -9.51772 0.216469 0.216469
28.53 -9.52048 -9.52048 0.204539 0.204539
28.535 -9.5197 -9.5197 0.132383 0.132383
28.54 -9.52215 -9.52215 0.105951 0.105951
28.545 -9.52116 -9.52116 0.0405343 0.0405343
28.55 -9.5234 -9.5234 0.0158338 0.0158338
28.555 -9.52227 -9.52227 0.00240625 0.00240625
28.56 -9.52443 -9.52443 0.0294165 0.0294165
28.565 -11.0544 -11.0544 0.0281196 0.0281196
28.57 -10.2321 -10.2321 0.0530731 0.0530731
28.575 -10.039 -10.039 0.0865602 0.0865602
28.58 -9.90135 -9.90135 0.127865 0.127865
28.585 -9.79831 -9.79831 0.149592 0.149592
28.59 -9.72622 -9.72622 0.1313 0.1313
28.595 -9.67095 -9.67095 0.134597 0.134597
28.6 -9.63366 -9.63366 0.137949 0.137949
28.605 -9.60374 -9.60374 0.144719 0.144719
28.61 -9.5849 -9.5849 0.117773 0.117773
28.615 -11.0996 -11.0996 0.0580343 0.0580343
28.62 -10.2661 -10.2661 0.00736211 0.00736211
28.625 -11.5961 -11.5961 -0.0519858 -0.0519858
28.63 -10.6281 -10.6281 -0.0963734 -0.0963734
28.635 -10.3289 -10.3289 -0.101377 -0.101377
28.64 -10.1139 -10.1139 -0.155378 -0.155378
28.645 -11.4857 -11.4857 -0.12086 -0.12086
28.65 -10.5481 -10.5481 -0.0591321 -0.0591321
28.655 -10.2712 -10.2712 0.0477589 0.0477589
28.66 -10.0724 -10.0724 0.125179 0.125179
28.665 -9.92474 -9.92474 0.205537 0.205537
28.67 -9.82021 -9.82021 0.246467 0.246467
28.675 -11.2724 -11.2724 0.222392 0.222392
28.68 -10.3935 -10.3935 0.205333 0.205333
28.685 -11.6903 -11.6903 0.153646 0.153646
28.69 -12.2293 -12.2293 0.083388 0.083388
28.695 -11.0881 -11.0881 0.0712513 0.0712513
28.7 -10.6685 -10.6685 0.0376985 0.0376985
28.705 -11.8912 -11.8912 -0.00957836 -0.00957836
28.71 -10.8451 -10.8451 -0.0199891 -0.0199891
28.715 -12.0201 -12.0201 0.0198445 0.0198445
28.72 -10.9392 -10.9392 0.0700731 0.0700731
28.725 -10.5578 -10.5578 0.13551 0.13551
28.73 -10.283 -10.283 0.174384 0.174384
28.735 -11.6111 -11.6111 0.224754 0.224754
28.74 -10.6418 -10.6418 0.214669 0.214669
28.745 -11.8728 -11.8728 0.195691 0.195691
28.75 -12.3637 -12.3637 0.157947 0.157947
28.755 -11.1876 -11.1876 0.10324 0.10324
28.76 -10.7426 -10.7426 0.0806959 0.0806959
28.765 -11.9467 -11.9467 0.0438155 0.0438155
28.77 -10.8871 -10.8871 -0.00106545 -0.00106545
28.775 -12.0523 -12.0523 -0.0110744 -0.0110744
28.78 -10.9642 -10.9642 -0.0442869 -0.0442869
28.785 -10.5776 -10.5776 -0.0301349 -0.0301349
28.79 -10.2989 -10.2989 0.0116333 0.0116333
28.795 -11.6243 -11.6243 0.0457837 0.0457837
28.8 -10.6529 -10.6529 0.135308 0.135308
28.805 -11.8825 -11.8825 0.121032 0.121032
28.81 -10.8412 -10.8412 0.0871395 0.0871395
28.815 -10.4888 -10.4888 0.041135 0.041135
28.82 -11.7661 -11.7661 0.0278116 0.0278116
28.825 -12.2851 -12.2851 -0.0482624 -0.0482624
28.83 -11.1352 -11.1352 -0.0752261 -0.0752261
28.835 -12.234 -12.234 -0.00786842 -0.00786842
28.84 -11.0975 -11.0975 -0.0181849 -0.0181849
28.845 -10.6756 -10.6756 0.0925976 0.0925976
28.85 -11.9024 -11.9024 0.0728071 0.0728071
28.855 -12.3846 -12.3846 0.118121 0.118121
28.86 -11.2078 -11.2078 0.0794652 0.0794652
28.865 -12.2877 -12.2877 0.0240402 0.0240402
28.87 -11.1374 -11.1374 0.0492748 0.0492748
28.875 -10.7055 -10.7055 -0.0495521 -0.0495521
28.88 -11.925 -11.925 0.00173967 0.00173967
28.885 -12.4019 -12.4019 -0.0450831 -0.0450831
28.89 -11.2212 -11.2212 0.0124105 0.0124105
28.895 -12.2982 -12.2982 0.0733881 0.0733881
28.9 -11.1459 -11.1459 0.161336 0.161336
28.905 -10.7125 -10.7125 0.138424 0.138424
28.91 -11.9309 -11.9309 0.0871089 0.0871089
28.915 -10.8758 -10.8758 0.0908156 0.0908156
28.92 -12.0502 -12.0502 0.0300257 0.0300257
28.925 -12.4942 -12.4942 0.082168 0.082168
28.93 -11.29 -11.29 -0.00216359 -0.00216359
28.935 -10.819 -10.819 0.054123 0.054123
28.94 -12.0099 -12.0099 0.0245916 0.0245916
28.945 -10.9348 -10.9348 0.0547437 0.0547437
28.95 -10.5634 -10.5634 0.0528567 0.0528567
28.955 -11.8212 -11.8212 -0.0524575 -0.0524575
28.96 -10.8006 -10.8006 0.0430595 0.0430595
28.965 -10.4632 -10.4632 -0.0929763 -0.0929763
28.97 -11.7514 -11.7514 -0.0475906 -0.0475906
28.975 -10.7473 -10.7473 -0.0317294 -0.0317294
28.98 -11.9586 -11.9586 0.0239003 0.0239003
28.985 -12.4297 -12.4297 0.115396 0.115396
28.99 -11.2447 -11.2447 0.140717 0.140717
28.995 -10.7875 -10.7875 0.234877 0.234877
29 -11.9884 -11.9884 0.212339 0.212339
29.005 -10.9208 -10.9208 0.202145 0.202145
29.01 -12.0858 -12.0858 0.18684 0.18684
29.015 -10.992 -10.992 0.138179 0.138179
29.02 -10.6069 -10.6069 0.159566 0.159566
29.025 -11.8547 -11.8547 0.0586309 0.0586309
29.03 -12.358 -12.358 -0.0301642 -0.0301642
29.035 -11.1908 -11.1908 -0.0491941 -0.0491941
29.04 -12.2833 -12.2833 -0.112633 -0.112633
29.045 -12.6678 -12.6678 -0.00931792 -0.00931792
29.05 -11.4198 -11.4198 -0.0662658 -0.0662658
29.055 -10.9166 -10.9166 -0.0171985 -0.0171985
29.06 -12.0842 -12.0842 0.047179 0.047179
29.065 -10.9921 -10.9921 0.154628 0.154628
29.07 -12.1394 -12.1394 0.229823 0.229823
29.075 -11.0326 -11.0326 0.242905 0.242905
29.08 -10.6381 -10.6381 0.266273 0.266273
29.085 -11.8791 -11.8791 0.299971 0.299971
29.09 -12.3773 -12.3773 0.265037 0.265037
29.095 -11.2065 -11.2065 0.196423 0.196423
29.1 -12.2964 -12.2964 0.0575535 0.0575535
29.105 -11.1478 -11.1478 -0.0149597 -0.0149597
29.11 -10.7228 -10.7228 -0.0684284 -0.0684284
29.115 -10.4104 -10.4104 0.0114945 0.0114945
29.12 -10.1858 -10.1858 -0.0343455 -0.0343455
29.125 -10.0195 -10.0195 0.0158427 0.0158427
29.13 -11.4324 -11.4324 0.113558 0.113558
29.135 -10.5191 -10.5191 0.17098 0.17098
29.14 -10.2655 -10.2655 0.234467 0.234467
29.145 -10.078 -10.078 0.242751 0.242751
29.15 -11.4755 -11.4755 0.235965 0.235965
29.155 -10.5509 -10.5509 0.178842 0.178842
29.16 -11.8203 -11.8203 0.198963 0.198963
29.165 -10.8024 -10.8024 0.136432 0.136432
29.17 -10.4726 -10.4726 0.0425859 0.0425859
29.175 -10.2297 -10.2297 0.0328855 0.0328855
29.18 -10.0556 -10.0556 0.0238007 0.0238007
29.185 -9.92607 -9.92607 0.0730732 0.0730732
29.19 -11.3657 -11.3657 0.122337 0.122337
29.195 -10.472 -10.472 0.164825 0.164825
29.2 -10.2326 -10.2326 0.252554 0.252554
29.205 -10.0555 -10.0555 0.228096 0.228096
29.21 -11.4606 -11.4606 0.307941 0.307941
29.215 -10.5415 -10.5415 0.247241 0.247241
29.22 -11.8149 -11.8149 0.221386 0.221386
29.225 -10.7999 -10.7999 0.227544 0.227544
29.23 -10.4723 -10.4723 0.144779 0.144779
29.235 -10.2308 -10.2308 0.116372 0.116372
29.24 -10.0579 -10.0579 0.0220421 0.0220421
29.245 -9.9292 -9.9292 0.00549729 0.00549729
29.25 -9.83839 -9.83839 -0.00165485 -0.00165485
29.255 -9.7695 -9.7695 0.056624 0.056624
29.26 -9.72226 -9.72226 0.107999 0.107999
29.265 -9.68512 -9.68512 0.175919 0.175919
29.27 -11.1921 -11.1921 0.227226 0.227226
29.275 -10.3474 -10.3474 0.200851 0.200851
29.28 -10.1437 -10.1437 0.234228 0.234228
29.285 -9.99264 -9.99264 0.211753 0.211753
29.29 -9.88553 -9.88553 0.122215 0.122215
29.295 -9.805 -9.805 0.0601346 0.0601346
29.3 -9.74897 -9.74897 0.0439019 0.0439019
29.305 -9.70548 -9.70548 0.0450623 0.0450623
29.31 -9.67675 -9.67675 0.0602427 0.0602427
29.315 -9.65307 -9.65307 0.176351 0.176351
29.32 -9.63881 -9.63881 0.261176 0.261176
29.325 -9.62564 -9.62564 0.339621 0.339621
29.33 -9.61903 -9.61903 0.429832 0.429832
29.335 -11.1426 -11.1426 0.440314 0.440314
29.34 -10.3156 -10.3156 0.391881 0.391881
29.345 -11.6503 -11.6503 0.294436 0.294436
29.35 -10.6857 -10.6857 0.24285 0.24285
29.355 -10.3891 -10.3891 0.137751 0.137751
29.36 -10.176 -10.176 0.0725296 0.0725296
29.365 -10.018 -10.018 0.0520689 0.0520689
29.37 -9.90579 -9.90579 0.00608191 0.00608191
29.375 -9.82132 -9.82132 0.0985139 0.0985139
29.38 -9.76279 -9.76279 0.227086 0.227086
29.385 -9.71737 -9.71737 0.287419 0.287419
29.39 -9.68697 -9.68697 0.392585 0.392585
29.395 -9.66245 -9.66245 0.41954 0.41954
29.4 -9.64748 -9.64748 0.413689 0.413689
29.405 -9.63381 -9.63381 0.337292 0.337292
29.41 -9.62682 -9.62682 0.199267 0.199267
29.415 -9.61896 -9.61896 0.175544 0.175544
29.42 -9.61621 -9.61621 0.0692839 0.0692839
29.425 -9.61146 -9.61146 0.0301986 0.0301986
29.43 -8.07985 -8.07985 0.0264998 0.0264998
29.435 -8.90117 -8.90117 0.0549789 0.0549789
29.44 -7.56255 -7.56255 0.0753408 0.0753408
29.445 -6.99334 -6.99334 0.186007 0.186007
29.45 -8.11277 -8.11277 0.27536 0.27536
29.455 -8.5167 -8.5167 0.382015 0.382015
29.46 -7.28279 -7.28279 0.427381 0.427381
29.465 -8.32104 -8.32104 0.412873 0.412873
29.47 -8.67156 -8.67156 0.343818 0.343818
29.475 -7.39299 -7.39299 0.257704 0.257704
29.48 -8.40441 -8.40441 0.219076 0.219076
29.485 -8.72972 -8.72972 0.139334 0.139334
29.49 -8.96964 -8.96964 0.117289 0.117289
29.495 -7.61054 -7.61054 0.133799 0.133799
29.5 -8.5633 -8.5633 0.168734 0.168734
29.505 -7.31464 -7.31464 0.26158 0.26158
29.51 -6.81678 -6.81678 0.290291 0.290291
29.515 -7.98239 -7.98239 0.338816 0.338816
29.52 -8.42571 -8.42571 0.315242 0.315242
29.525 -8.74591 -8.74591 0.245755 0.245755
29.53 -8.98216 -8.98216 0.193211 0.193211
29.535 -9.15149 -9.15149 0.203973 0.203973
29.54 -9.27783 -9.27783 0.219065 0.219065
29.545 -7.83594 -7.83594 0.229091 0.229091
29.55 -8.72842 -8.72842 0.181685 0.181685
29.555 -8.96705 -8.96705 0.210974 0.210974
29.56 -7.61269 -7.61269 0.253143 0.253143
29.565 -7.03202 -7.03202 0.288585 0.288585
29.57 -8.14308 -8.14308 0.306019 0.306019
29.575 -7.0098 -7.0098 0.347544 0.347544
29.58 -8.12706 -8.12706 0.349455 0.349455
29.585 -8.52944 -8.52944 0.372977 0.372977
29.59 -8.82554 -8.82554 0.344476 0.344476
29.595 -7.5073 -7.5073 0.330278 0.330278
29.6 -8.48986 -8.48986 0.36143 0.36143
29.605 -8.79409 -8.79409 0.311875 0.311875
29.61 -7.48758 -7.48758 0.246551 0.246551
29.615 -8.4729 -8.4729 0.249013 0.249013
29.62 -8.78488 -8.78488 0.256579 0.256579
29.625 -7.47825 -7.47825 0.330252 0.330252
29.63 -6.93812 -6.93812 0.313053 0.313053
29.635 -8.07296 -8.07296 0.350022 0.350022
29.64 -8.49385 -8.49385 0.35783 0.35783
29.645 -7.26655 -7.26655 0.38181 0.38181
29.65 -8.31535 -8.31535 0.338484 0.338484
29.655 -8.66783 -8.66783 0.317774 0.317774
29.66 -8.92758 -8.92758 0.273229 0.273229
29.665 -7.58291 -7.58291 0.22953 0.22953
29.67 -8.5462 -8.5462 0.236234 0.236234
29.675 -7.30522 -7.30522 0.184718 0.184718
29.68 -8.34406 -8.34406 0.169893 0.169893
29.685 -8.68929 -8.68929 0.155716 0.155716
29.69 -8.94375 -8.94375 0.171215 0.171215
29.695 -7.59522 -7.59522 0.20865 0.20865
29.7 -7.02455 -7.02455 0.188032 0.188032
29.705 -8.13714 -8.13714 0.173252 0.173252
29.71 -7.01073 -7.01073 0.193596 0.193596
29.715 -8.12723 -8.12723 0.150124 0.150124
29.72 -8.5348 -8.5348 0.160154 0.160154
29.725 -8.82895 -8.82895 0.179473 0.179473
29.73 -7.51507 -7.51507 0.159889 0.159889
29.735 -8.495 -8.495 0.185727 0.185727
29.74 -8.8031 -8.8031 0.227568 0.227568
29.745 -7.49363 -7.49363 0.2679 0.2679
29.75 -8.48255 -8.48255 0.314854 0.314854
29.755 -8.79141 -8.79141 0.311964 0.311964
29.76 -9.01993 -9.01993 0.298131 0.298131
29.765 -7.65183 -7.65183 0.35576 0.35576
29.77 -8.59817 -8.59817 0.352595 0.352595
29.775 -7.34485 -7.34485 0.332134 0.332134
29.78 -6.8436 -6.8436 0.286603 0.286603
29.785 -8.00672 -8.00672 0.236707 0.236707
29.79 -8.44826 -8.44826 0.26097 0.26097
29.795 -8.76713 -8.76713 0.273486 0.273486
29.8 -7.4713 -7.4713 0.313393 0.313393
29.805 -8.46439 -8.46439 0.351261 0.351261
29.81 -7.2509 -7.2509 0.354494 0.354494
29.815 -6.77284 -6.77284 0.346327 0.346327
29.82 -7.95866 -7.95866 0.328896 0.328896
29.825 -8.41097 -8.41097 0.321734 0.321734
29.83 -7.2123 -7.2123 0.317974 0.317974
29.835 -6.74502 -6.74502 0.318514 0.318514
29.84 -7.93871 -7.93871 0.332946 0.332946
29.845 -6.8656 -6.8656 0.269475 0.269475
29.85 -6.49557 -6.49557 0.2429 0.2429
29.855 -7.75377 -7.75377 0.24738 0.24738
29.86 -8.26524 -8.26524 0.29363 0.29363
29.865 -7.10381 -7.10381 0.230961 0.230961
29.87 -6.66945 -6.66945 0.183929 0.183929
29.875 -7.88132 -7.88132 0.197249 0.197249
29.88 -6.82723 -6.82723 0.183155 0.183155
29.885 -6.46529 -6.46529 0.302554 0.302554
29.89 -7.73568 -7.73568 0.1852 0.1852
29.895 -8.24959 -8.24959 0.308667 0.308667
29.9 -7.09583 -7.09583 0.169198 0.169198
29.905 -6.66128 -6.66128 0.176045 0.176045
29.91 -7.87878 -7.87878 0.187978 0.187978
29.915 -6.82302 -6.82302 0.123045 0.123045
29.92 -6.46563 -6.46563 0.189481 0.189481
29.925 -7.7336 -7.7336 0.0644473 0.0644473
29.93 -8.25149 -8.25149 0.189204 0.189204
29.935 -7.09485 -7.09485 0.138268 0.138268
29.94 -6.66401 -6.66401 0.210844 0.210844
29.945 -7.87844 -7.87844 0.264143 0.264143
29.95 -6.82618 -6.82618 0.189889 0.189889
29.955 -6.4656 -6.4656 0.227533 0.227533
29.96 -7.737 -7.737 0.0823156 0.0823156
29.965 -8.25164 -8.25164 0.137001 0.137001
29.97 -7.09841 -7.09841 0.149193 0.149193
29.975 -6.66422 -6.66422 0.121294 0.121294
29.98 -7.882 -7.882 0.129381 0.129381
29.985 -6.82646 -6.82646 0.0609928 0.0609928
29.99 -6.46921 -6.46921 0.0998916 0.0998916
29.995 -7.7373 -7.7373 0.0690837 0.0690837
30 -8.2553 -8.2553 0.113787 0.113787
