# Generated from ../data/13JUL2013/007.dat
freq T_s gyro_x steer v
0 1 0.0169677 0.0235679 27.0319
0.09995 1 0.106692 0.0069491 1.02097
0.1999 1 0.115018 0.104412 0.478281
0.29985 1 0.18136 0.0889353 0.344451
0.3998 1 0.154227 0.0418084 0.533703
0.49975 1 0.0878214 0.041416 0.425123
0.5997 1 0.0803884 0.0245578 0.323045
0.69965 1 0.0164668 0.02816 0.184821
0.7996 1 0.0590391 0.0115812 0.191623
0.89955 1 0.0719315 0.0203794 0.709778
0.9995 1 0.0485401 0.0344281 0.31835
1.09945 1 0.0638982 0.0136626 0.476363
1.1994 1 0.0626123 0.0107923 0.146642
1.29935 1 0.0761446 0.0263943 0.041809
1.3993 1 0.0544413 0.0177583 0.0879534
1.49925 1 0.050756 0.0210532 0.285662
1.5992 1 0.0696335 0.0114445 0.30187
1.69915 1 0.0645285 0.019167 0.0628343
1.7991 1 0.0610092 0.0201276 0.0801934
1.89905 1 0.0709111 0.0274708 0.04769
1.999 1 0.0309259 0.0211705 0.441289
2.09895 1 0.289847 0.238974 3.87036
2.1989 1 0.0253629 0.0815728 0.658485
2.29885 1 0.0608645 0.011791 0.0642329
2.3988 1 0.0703101 0.0384293 0.12204
2.49875 1 0.0502181 0.0414677 0.149261
2.5987 1 0.0515003 0.0234215 0.043508
2.69865 1 0.0446615 0.0279423 0.492874
2.7986 1 0.060955 0.0143837 0.108916
2.89855 1 0.0603138 0.0290573 0.163071
2.9985 1 0.0458956 0.0348598 0.213384
3.09845 1 0.0524261 0.0218952 0.173769
3.1984 1 0.0514533 0.0172592 0.107312
3.29835 1 0.0509283 0.0406317 0.290777
3.3983 1 0.0601606 0.0251235 0.123913
3.49825 1 0.0551012 0.0100397 0.0321632
3.5982 1 0.0473564 0.0248289 0.0727836
3.69815 1 0.0437207 0.022047 0.171318
3.7981 1 0.0751691 0.0237324 0.259723
3.89805 1 0.0622214 0.0145755 0.0938948
3.998 1 0.060507 0.0248023 0.263347
4.09795 1 0.0615359 0.0187926 0.115297
4.1979 1 0.0598088 0.0185405 0.228715
4.29785 1 0.0580312 0.0202128 0.0469576
4.3978 1 0.0539183 0.0309113 0.193669
4.49775 1 0.0547918 0.00815665 0.109296
4.5977 1 0.0576959 0.0115362 0.0140339
4.69765 1 0.0500971 0.0133354 0.207105
4.7976 1 0.0452081 0.0290784 0.0993269
4.89755 1 0.0881308 0.0231268 0.45831
4.9975 1 0.0572172 0.0213876 0.133822
5.09745 1 0.0436928 0.0257355 0.266767
5.1974 1 0.0656476 0.0116406 0.579855
5.29735 1 0.0699086 0.0262723 0.396264
5.3973 1 0.0486542 0.0241828 0.246923
5.49725 1 0.0439609 0.0174991 0.0805753
5.5972 1 0.0549384 0.0138993 0.118174
5.69715 1 0.0486079 0.0275573 0.106276
5.7971 1 0.0476451 0.0196823 0.132637
5.89705 1 0.0589739 0.0344836 0.0720297
5.997 1 0.0456151 0.037726 0.195022
6.09695 1 0.0416355 0.031276 0.0555314
6.1969 1 0.0711054 0.060138 0.222911
6.29685 1 0.0494802 0.0507435 0.321969
6.3968 1 0.048831 0.0372872 0.0998346
6.49675 1 0.0445491 0.0165493 0.163112
6.5967 1 0.0463196 0.024096 0.142327
6.69665 1 0.0349604 0.0188347 0.0928756
6.7966 1 0.0674043 0.0159871 0.0960899
6.89655 1 0.0518464 0.027362 0.0287962
6.9965 1 0.0833258 0.0920785 0.143483
7.09645 1 0.0480024 0.00887813 0.0465961
7.1964 1 0.0672249 0.0467692 0.068929
7.29635 1 0.035822 0.0528738 0.0475965
7.3963 1 0.0473825 0.0121047 0.0551674
7.49625 1 0.0438092 0.00356792 0.0138272
7.5962 1 0.0388012 0.0107399 0.048817
7.69615 1 0.0454314 0.0250802 0.128187
7.7961 1 0.045684 0.0171299 0.0824099
7.89605 1 0.0226716 0.0145287 0.0781997
7.996 1 0.0477009 0.0324405 0.0930035
8.09595 1 1.01505 4.41184 12.2089
8.1959 1 0.0631411 0.0422671 0.136779
8.29585 1 0.0637247 0.0306337 0.139158
8.3958 1 0.0418808 0.0167969 0.0774632
8.49575 1 0.0607402 0.0444592 0.14056
8.5957 1 0.0590632 0.024358 0.0827531
8.69565 1 0.0453578 0.0249598 0.201105
8.7956 1 0.052005 0.0185106 0.0355738
8.89555 1 0.053223 0.00886227 0.0531842
8.9955 1 0.0583551 0.0402203 0.073819
9.09545 1 0.0724984 0.0682808 0.116821
9.1954 1 0.0437823 0.0572345 0.207542
9.29535 1 0.0452114 0.0134264 0.0140357
9.3953 1 0.0461918 0.00163644 0.0216624
9.49525 1 0.0513097 0.019604 0.0124841
9.5952 1 0.0558504 0.0146958 0.0366196
9.69515 1 0.0585289 0.00804822 0.0104463
9.7951 1 0.0633351 0.00290378 0.0234574
9.89505 1 0.0469408 0.0115422 0.0225318
9.995 1 0.0550734 0.00628407 0.00723915
10.095 1 0.0576794 0.00422173 0.00456705
10.1949 1 0.0480209 0.00830157 0.00756446
10.2949 1 0.0525291 0.00657881 0.0044465
10.3948 1 0.0585051 0.00613738 0.00128271
10.4948 1 0.0651917 0.0108051 0.00761404
10.5947 1 0.0553562 0.016424 0.00467662
10.6947 1 0.061572 0.00589286 0.00101588
10.7946 1 0.0600724 0.00681017 0.00433881
10.8946 1 0.0597659 0.0120097 0.00426926
10.9945 1 0.0619737 0.00357204 0.0103648
11.0945 1 0.0445395 0.0175103 0.0112726
11.1944 1 0.0562904 0.00432385 0.0184826
11.2944 1 0.0615213 0.00368317 0.014275
11.3943 1 0.0564618 0.00474726 0.00643588
11.4943 1 0.0567448 0.00969333 0.0171216
11.5942 1 0.0605661 0.00272443 0.00910792
11.6942 1 0.0492588 0.00495766 0.0220404
11.7941 1 0.0581173 0.00645794 0.0180205
11.8941 1 0.0602525 0.00208852 0.0218826
11.994 1 0.0564333 0.0021173 0.0173745
12.094 1 0.0560421 0.00467441 0.030895
12.1939 1 0.0602931 0.00193914 0.022453
12.2939 1 0.0574076 0.00230179 0.00661286
12.3938 1 0.0586114 0.00281893 0.00706703
12.4938 1 0.0538952 0.0118143 0.0127845
12.5937 1 0.0604618 0.00341446 0.0128088
12.6937 1 0.060483 0.000886168 0.00367193
12.7936 1 0.0390811 0.017476 0.110316
12.8936 1 0.060658 0.00486839 0.0637558
12.9935 1 0.0603741 0.00442012 0.0489573
13.0935 1 0.059325 0.00224653 0.00741341
13.1934 1 0.0630994 0.00153587 0.0321185
13.2934 1 0.0609885 0.00147384 0.0260371
13.3933 1 0.0598849 0.00439857 0.0255545
13.4933 1 0.0625409 0.00380411 0.013875
13.5932 1 0.0539056 0.00843 0.0108084
13.6932 1 0.0471871 0.0121782 0.0690052
13.7931 1 0.0744145 0.0168727 0.00816597
13.8931 1 0.0726001 0.00804063 0.0587147
13.993 1 0.0513104 0.011367 0.0361928
14.093 1 0.0665131 0.0020345 0.0100943
14.1929 1 0.0601163 0.00446603 0.0168498
14.2929 1 0.0572582 0.00663668 0.0463378
14.3928 1 0.0703292 0.00451917 0.0422588
14.4928 1 0.0706748 0.00501632 0.0166416
14.5927 1 0.0728728 0.00517715 0.044073
14.6927 1 0.0668411 0.00105245 0.0291807
14.7926 1 0.0655164 0.00178869 0.0198241
14.8926 1 0.0626393 0.00448058 0.132732
14.9925 1 0.0674512 0.00174074 0.0954653
15.0925 1 0.0781995 0.0157421 0.46277
15.1924 1 0.0465268 0.0162951 0.177148
15.2924 1 0.0623292 0.00339412 0.0421106
15.3923 1 0.0749641 0.0121281 0.095442
15.4923 1 0.061559 0.00597575 0.0348326
15.5922 1 0.0588695 0.00579178 0.0983408
15.6922 1 0.0793002 0.0109681 0.149988
15.7921 1 0.0597459 0.00660269 0.0463171
15.8921 1 0.0651568 0.00583851 0.049082
15.992 1 0.0386573 0.0236901 0.100722
16.092 1 0.0574874 0.00914423 0.193316
16.1919 1 0.0758105 0.0377397 1.41862
16.2919 1 0.0762271 0.0106207 0.305503
16.3918 1 0.0653408 0.00444342 0.110007
16.4918 1 0.075658 0.00603747 0.0593686
16.5917 1 0.0569365 0.0179857 0.341958
16.6917 1 0.063645 0.00585957 0.369035
16.7916 1 0.0725056 0.00204654 0.171914
16.8916 1 0.0799584 0.00471142 0.362325
16.9915 1 0.0686593 0.00515012 0.170507
17.0915 1 0.0424749 0.0198954 0.569629
17.1914 1 0.0821564 0.0118649 0.474656
17.2914 1 0.0773281 0.00293271 0.219009
17.3913 1 0.0680369 0.00685804 0.313577
17.4913 1 0.063309 0.00781596 0.151157
17.5912 1 0.0820292 0.00555783 0.216883
17.6912 1 0.0812728 0.00461303 0.213807
17.7911 1 0.0513827 0.020868 0.28444
17.8911 1 0.068164 0.0071633 0.241637
17.991 1 0.0728183 0.00931694 0.286509
18.091 1 0.106427 0.0224262 0.151929
18.1909 1 0.0750998 0.0545068 0.548923
18.2909 1 0.0803006 0.0113383 0.181757
18.3908 1 0.0982611 0.0177782 0.0788396
18.4908 1 0.0766596 0.0140648 0.08397
18.5907 1 0.0882547 0.0064458 0.0814849
18.6907 1 0.0771971 0.00290297 0.0597184
18.7906 1 0.0942694 0.0098697 0.0812641
18.8906 1 0.0928982 0.00845085 0.0336186
18.9905 1 0.0692461 0.0174105 0.220018
19.0905 1 0.0705474 0.00665541 0.0449911
19.1904 1 0.0777829 0.0109117 0.126743
19.2904 1 0.0965575 0.00833047 0.0768148
19.3903 1 0.061628 0.0106355 0.0903459
19.4903 1 0.0444529 0.032746 0.285069
19.5902 1 0.100341 0.0167205 0.164985
19.6902 1 0.0805338 0.0100742 0.0868527
19.7901 1 0.0592249 0.0305806 0.0887798
19.8901 1 0.0920527 0.00548706 0.038579
19.99 1 0.0548475 0.0137877 0.102644
20.09 1 0.120914 0.0313739 0.236798
20.1899 1 0.0757052 0.00725584 0.00291539
20.2899 1 0.11536 0.0184062 0.115466
20.3898 1 0.0952765 0.00773353 0.0311143
20.4898 1 0.0825701 0.00703313 0.0197389
20.5897 1 0.0756914 0.00906154 0.00955176
20.6897 1 0.0699129 0.0113669 0.0239393
20.7896 1 0.104963 0.00999539 0.0485389
20.8896 1 0.0757288 0.0105791 0.0407379
20.9895 1 0.0839903 0.00594381 0.0192298
21.0895 1 0.0767176 0.0172849 0.055144
21.1894 1 0.0728566 0.00884932 0.0258065
21.2894 1 0.0872156 0.00922099 0.0320489
21.3893 1 0.144753 0.0328774 0.0954325
21.4893 1 0.107905 0.0135544 0.0463822
21.5892 1 0.085723 0.00998384 0.0384632
21.6892 1 0.0510052 0.0289218 0.10886
21.7891 1 0.083052 0.0223589 0.123048
21.8891 1 0.115402 0.0120303 0.0581459
21.989 1 0.0338136 0.0318576 0.141315
22.089 1 0.0849614 0.00888106 0.0128922
22.1889 1 0.128136 0.0221852 0.0898859
22.2889 1 0.0963254 0.0151622 0.0477264
22.3888 1 0.0775135 0.0187663 0.0745277
22.4888 1 0.107301 0.0160861 0.123472
22.5887 1 0.0616382 0.0345964 0.273028
22.6887 1 0.137657 0.0227102 0.24915
22.7886 1 0.0882611 0.0223792 0.111119
22.8886 1 0.136243 0.0190495 0.0709076
22.9885 1 0.0891783 0.0363286 0.09918
23.0885 1 0.116209 0.012249 0.0792921
23.1884 1 0.0656066 0.0567714 0.310139
23.2884 1 0.0736538 0.0109703 0.081748
23.3883 1 0.142804 0.0154859 0.184458
23.4883 1 0.382906 0.378812 3.07297
23.5882 1 0.0724269 0.0108335 0.0916085
23.6882 1 0.0722154 0.0129089 0.174373
23.7881 1 0.103224 0.030373 0.232447
23.8881 1 0.0231994 0.0389449 0.416315
23.988 1 0.11338 0.0187534 0.204315
24.088 1 0.109217 0.0144749 0.0310191
24.1879 1 0.13242 0.0261511 0.487641
24.2879 1 0.100591 0.0146807 0.164726
24.3878 1 0.0869186 0.01024 0.171524
24.4878 1 0.115674 0.0319341 0.257149
24.5877 1 0.0343967 0.0312231 0.191182
24.6877 1 0.0825181 0.00808672 0.0798987
24.7876 1 0.183439 0.0434754 0.223924
24.8876 1 0.193093 0.0469685 0.132203
24.9875 1 0.0659113 0.023101 0.126455
25.0875 1 0.200512 0.0521545 0.702183
25.1874 1 0.0773228 0.0218689 0.265615
25.2874 1 0.0673566 0.0169766 0.233044
25.3873 1 0.0449286 0.028314 0.133117
25.4873 1 0.0976523 0.0114264 0.0528107
25.5872 1 0.074408 0.00855291 0.085244
25.6872 1 0.199039 0.0247517 0.690992
25.7871 1 0.0729207 0.0273944 0.190658
25.8871 1 0.137643 0.0196184 0.304159
25.987 1 0.0784824 0.016996 0.135419
26.087 1 0.11763 0.00830119 0.0757589
26.1869 1 0.0484489 0.0408793 0.464647
26.2869 1 0.0833363 0.0152592 0.0364968
26.3868 1 0.0898523 0.00960665 0.157329
26.4868 1 0.360329 0.175153 0.979833
26.5867 1 0.0458923 0.0507849 0.559885
26.6867 1 0.0734971 0.0143092 0.069966
26.7866 1 0.133087 0.0147738 0.326951
26.8866 1 0.0985468 0.0186489 0.184853
26.9865 1 0.0980125 0.0179652 0.342136
27.0865 1 0.0724431 0.0652733 0.699856
27.1864 1 0.147544 0.0188843 0.315724
27.2864 1 0.115 0.013147 0.278227
27.3863 1 0.0742752 0.0132209 0.167953
27.4863 1 0.106537 0.106523 0.493331
27.5862 1 0.153127 0.0731721 0.547893
27.6862 1 0.0969796 0.0124751 0.112104
27.7861 1 0.0806129 0.0107316 0.112
27.8861 1 0.0598713 0.0145547 0.307636
27.986 1 0.0864942 0.0121557 0.0952643
28.086 1 0.094397 0.0154378 0.0938668
28.1859 1 0.111588 0.0068239 0.115338
28.2859 1 0.0772573 0.0136487 0.096331
28.3858 1 0.164775 0.114211 0.335547
28.4858 1 0.140952 0.0112664 0.0694168
28.5857 1 0.100773 0.0113507 0.0985458
28.6857 1 0.0947584 0.0170475 0.083055
28.7856 1 0.152879 0.0117465 0.078057
28.8856 1 0.0998885 0.00755638 0.0907926
28.9855 1 0.0700122 0.026225 0.0325024
29.0855 1 0.124808 0.00921667 0.0943765
29.1854 1 0.140886 0.00437494 0.105429
29.2854 1 0.100128 0.00843224 0.00993143
29.3853 1 0.0492955 0.0370717 0.212657
29.4853 1 0.521557 0.135761 0.770056
29.5852 1 0.115855 0.0133724 0.0853667
29.6852 1 0.0763942 0.0161468 0.0605055
29.7851 1 0.102289 0.0157396 0.0563905
29.8851 1 0.116659 0.0272668 0.263395
29.985 1 0.108764 0.0147147 0.0296899
30.085 1 0.0709 0.039864 0.130696
30.1849 1 0.150188 0.0227061 0.120185
30.2849 1 0.162863 0.0268273 0.0973062
30.3848 1 0.143533 0.0172055 0.0712486
30.4848 1 0.119754 0.00885678 0.00324258
30.5847 1 0.0845147 0.0168154 0.0388585
30.6847 1 0.0897211 0.0215692 0.0409133
30.7846 1 0.163373 0.00746366 0.0242789
30.8846 1 0.105142 0.00831997 0.0174189
30.9845 1 0.0846495 0.0153317 0.0632705
31.0845 1 0.15213 0.0172183 0.0749806
31.1844 1 0.197348 0.0310018 0.0822865
31.2844 1 0.0997609 0.00742808 0.0190175
31.3843 1 0.125066 0.0212458 0.0280247
31.4843 1 0.0944685 0.0328291 0.0730861
31.5842 1 0.117478 0.00900726 0.0276045
31.6842 1 0.0886 0.0120706 0.023724
31.7841 1 0.187071 0.0252536 0.0512655
31.8841 1 0.144069 0.0112524 0.0207717
31.984 1 0.0985151 0.0124831 0.0298157
32.084 1 0.11767 0.00683906 0.0187423
32.1839 1 0.140619 0.0100298 0.0237229
32.2839 1 0.125685 0.00819495 0.0409745
32.3838 1 0.0966577 0.0119336 0.0535806
32.4838 1 0.165375 0.0262053 0.108174
32.5837 1 0.141782 0.00590657 0.0455684
32.6837 1 0.130384 0.00668272 0.0032567
32.7836 1 0.115873 0.00539173 0.0486942
32.8836 1 0.114856 0.00615756 0.061605
32.9835 1 0.148771 0.0111653 0.0134326
33.0835 1 0.131731 0.00164091 0.00809141
33.1834 1 0.115868 0.00547366 0.0329796
33.2834 1 0.125973 0.00589616 0.0330764
33.3833 1 0.123097 0.00712631 0.0234683
33.4833 1 0.110155 0.0083487 0.0401534
33.5832 1 0.124813 0.00360961 0.0197314
33.6832 1 0.130772 0.000609891 0.0116332
33.7831 1 0.116673 0.0108998 0.0697506
33.8831 1 0.12457 0.00513985 0.0098855
33.983 1 0.139758 0.00371277 0.0370942
34.083 1 0.116155 0.00504763 0.00848996
34.1829 1 0.121525 0.0044394 0.00774776
34.2829 1 0.149992 0.00639836 0.0518359
34.3828 1 0.133009 0.00648678 0.130923
34.4828 1 0.117105 0.00450391 0.0378363
34.5827 1 0.121043 0.00912642 0.0277585
34.6827 1 0.951636 0.160857 1.4672
34.7826 1 0.164631 0.0115728 0.2136
34.8826 1 0.106837 0.0111213 0.159743
34.9825 1 0.18867 0.0204564 0.0676685
35.0825 1 0.132608 0.00697646 0.0418518
35.1824 1 0.0895882 0.0164499 0.284667
35.2824 1 0.116143 0.0054822 0.0465135
35.3823 1 0.135223 0.00918302 0.0217056
35.4823 1 0.149811 0.0033597 0.0325466
35.5822 1 0.118618 0.00547435 0.0357776
35.6822 1 0.116207 0.00700495 0.0718085
35.7821 1 0.123012 0.0204148 0.237949
35.8821 1 0.235604 0.058159 0.837984
35.982 1 0.147658 0.00675683 0.0595794
36.082 1 0.117995 0.00817508 0.0236559
36.1819 1 0.125382 0.00676743 0.0999971
36.2819 1 0.154904 0.00432982 0.0991998
36.3818 1 0.137604 0.00618506 0.0571373
36.4818 1 0.114261 0.00824921 0.0722736
36.5817 1 0.146433 0.00323346 0.0420529
36.6817 1 0.145413 0.0075621 0.0757679
36.7816 1 0.130547 0.00756167 0.0724605
36.8816 1 0.138107 0.00400274 0.0521672
36.9815 1 0.159193 0.00763035 0.246393
37.0815 1 0.0755815 0.0210488 0.229326
37.1814 1 0.157855 0.00970093 0.131802
37.2814 1 0.143237 0.0101453 0.0856323
37.3813 1 0.134475 0.00377387 0.061553
37.4813 1 0.148052 0.00391798 0.0974712
37.5812 1 0.155537 0.00747104 0.0558364
37.6812 1 0.130025 0.00412222 0.0443974
37.7811 1 0.143166 0.00627507 0.0793611
37.8811 1 0.14345 0.00604451 0.0424174
37.981 1 0.134995 0.00491348 0.0591507
38.081 1 0.130256 0.00439736 0.0691404
38.1809 1 0.147553 0.00556138 0.0162988
38.2809 1 0.154283 0.00486102 0.02435
38.3808 1 0.134177 0.00341768 0.0239011
38.4808 1 0.123322 0.00723339 0.0856225
38.5807 1 0.166418 0.019077 0.234047
38.6807 1 0.123163 0.00665252 0.0386982
38.7806 1 0.225336 0.0309142 0.189336
38.8806 1 0.181676 0.0181127 0.179389
38.9805 1 0.125059 0.00935538 0.0438941
39.0805 1 0.111724 0.0130854 0.122934
39.1804 1 0.161135 0.00667827 0.0707157
39.2804 1 0.134945 0.00684976 0.0610534
39.3803 1 0.130752 0.00980834 0.06429
39.4803 1 0.0790778 0.0278437 0.210454
39.5802 1 0.131928 0.00616184 0.0312052
39.6802 1 0.164638 0.00532782 0.0429207
39.7801 1 0.115737 0.0104709 0.0344667
39.8801 1 0.131644 0.00885526 0.0281625
39.98 1 0.130174 0.0077829 0.018717
40.08 1 0.158503 0.00485674 0.0482328
40.1799 1 0.152796 0.00652186 0.0616414
40.2799 1 0.12218 0.0169627 0.0885333
40.3798 1 0.144162 0.0101838 0.0345519
40.4798 1 0.149617 0.0185311 0.0303931
40.5797 1 0.130516 0.00562359 0.00415641
40.6797 1 0.183942 0.0117856 0.0375815
40.7796 1 0.161025 0.00904047 0.0298766
40.8796 1 0.131745 0.00535781 0.0183041
40.9795 1 0.158829 0.0120083 0.046149
41.0795 1 0.155865 0.00303254 0.00889487
41.1794 1 0.140047 0.00557569 0.0247361
41.2794 1 0.138 0.00395426 0.00149713
41.3793 1 0.132022 0.00791321 0.00504674
41.4793 1 0.172727 0.0092885 0.0382365
41.5792 1 0.138393 0.00391552 0.000670247
41.6792 1 0.120004 0.0164652 0.0345877
41.7791 1 0.149938 0.0672118 0.10741
41.8791 1 0.10929 0.0128267 0.00416494
41.979 1 0.197218 0.0158401 0.0141646
42.079 1 0.143686 0.00792393 0.0117345
42.1789 1 0.117443 0.0114513 0.013297
42.2789 1 0.144978 0.00755749 0.0120239
42.3788 1 0.176532 0.00668973 0.00421562
42.4788 1 0.126572 0.00917787 0.00837229
42.5787 1 0.132605 0.0116926 0.015048
42.6787 1 0.19254 0.0121828 0.0439806
42.7786 1 0.0626244 0.0488212 0.0417855
42.8786 1 0.126479 0.00995334 0.0190075
42.9785 1 0.0806731 0.0207959 0.0329324
43.0785 1 0.157379 0.012766 0.113235
43.1784 1 0.0578951 0.0423578 0.162269
43.2784 1 0.13584 0.00534009 0.0150061
43.3783 1 0.167635 0.0173281 0.0384695
43.4783 1 0.139305 0.0069034 0.0297587
43.5782 1 0.122616 0.0123263 0.0314262
43.6782 1 0.0853684 0.0260763 0.210957
43.7781 1 0.14999 0.0211431 0.0898369
43.8781 1 0.0964765 0.0176679 0.207548
43.978 1 0.0744303 0.0482371 0.171505
44.078 1 0.106496 0.01548 0.158892
44.1779 1 0.114619 0.0147619 0.0927677
44.2779 1 0.129157 0.00831814 0.0593476
44.3778 1 0.102367 0.0167661 0.116637
44.4778 1 0.196982 0.0443326 0.823357
44.5777 1 0.179789 0.0203591 0.163356
44.6777 1 0.12513 0.0117462 0.139041
44.7776 1 0.122369 0.0126078 0.0272838
44.8776 1 0.0890194 0.0193727 0.102194
44.9775 1 0.15079 0.0077254 0.199735
45.0775 1 0.120566 0.0182993 0.149328
45.1774 1 0.130003 0.0107381 0.188996
45.2774 1 0.240372 0.0272048 0.112328
45.3773 1 0.142129 0.00715845 0.139159
45.4773 1 0.136498 0.00901683 0.0394294
45.5772 1 0.208813 0.00845816 0.0132882
45.6772 1 0.135096 0.0155053 0.19368
45.7771 1 0.137663 0.00764577 0.1393
45.8771 1 0.184635 0.0101897 0.0915773
45.977 1 0.181589 0.0115297 0.21246
46.077 1 0.13172 0.00866615 0.0631136
46.1769 1 0.151242 0.0169233 0.471201
46.2769 1 0.185288 0.00582588 0.0553201
46.3768 1 0.124104 0.012939 0.164682
46.4768 1 0.12661 0.0135737 0.108581
46.5767 1 0.1955 0.0102556 0.0990688
46.6767 1 0.151335 0.00385843 0.103968
46.7766 1 0.171375 0.00560044 0.059508
46.8766 1 0.115588 0.0122513 0.309136
46.9765 1 0.139822 0.00865017 0.199705
47.0765 1 0.13043 0.00787359 0.226935
47.1764 1 0.220552 0.0706664 0.551037
47.2764 1 0.152018 0.00366726 0.0186723
47.3763 1 0.176061 0.00479207 0.034919
47.4763 1 0.21059 0.0109202 0.317945
47.5762 1 0.161484 0.0131245 0.0868867
47.6762 1 0.105341 0.0158424 0.313903
47.7761 1 0.21576 0.0212692 0.190246
47.8761 1 2.25735 0.469606 16.4143
47.976 1 0.128511 0.0103602 0.353968
48.076 1 0.111943 0.0191097 0.238834
48.1759 1 0.438768 0.0876518 0.842579
48.2759 1 0.234696 0.0209166 0.301844
48.3758 1 0.13364 0.0111309 0.191836
48.4758 1 0.13135 0.021105 0.471568
48.5757 1 0.164982 0.0121412 0.0610519
48.6757 1 0.350465 0.0611637 1.33563
48.7756 1 0.143322 0.00964705 0.0517549
48.8756 1 0.0642945 0.0305524 0.405803
48.9755 1 0.157023 0.0060352 0.248845
49.0755 1 0.112899 0.0206071 0.501788
49.1754 1 0.141423 0.0106618 0.0900233
49.2754 1 0.519741 0.105074 2.03454
49.3753 1 0.144541 0.0117401 0.166604
49.4753 1 0.113062 0.0154329 0.204256
49.5752 1 0.177032 0.0973263 0.613669
49.6752 1 0.103332 0.0149191 0.151421
49.7751 1 0.156632 0.00947644 0.109801
49.8751 1 0.224833 0.0141326 0.325212
49.975 1 0.131708 0.0163062 0.120218
50.075 1 0.166824 0.03434 0.292944
50.1749 1 0.192524 0.00865547 0.0468748
50.2749 1 0.129548 0.0187022 0.107114
50.3748 1 0.127706 0.0184591 0.334566
50.4748 1 0.221338 0.0126059 0.107796
50.5747 1 0.149779 0.010561 0.049157
50.6747 1 0.121063 0.0162097 0.177955
50.7746 1 0.142143 0.0256441 0.260181
50.8746 1 0.153782 0.0229588 0.124128
50.9745 1 0.126369 0.039905 0.394781
51.0745 1 0.258393 0.0751461 1.16025
51.1744 1 0.150805 0.0281738 0.116389
51.2744 1 0.145192 0.0075375 0.0729415
51.3743 1 0.417734 0.0543726 0.953844
51.4743 1 0.153183 0.00948874 0.098467
51.5742 1 0.116009 0.0181327 0.0776232
51.6742 1 0.0974841 0.020988 0.177021
51.7741 1 0.149798 0.00818171 0.0566288
51.8741 1 0.139279 0.013756 0.0308255
51.974 1 0.134779 0.0154832 0.0676493
52.074 1 0.116916 0.0162605 0.0637007
52.1739 1 0.125128 0.0231055 0.017846
52.2739 1 0.117288 0.00991771 0.0581466
52.3738 1 0.166164 0.0142067 0.02895
52.4738 1 0.0729586 0.0237793 0.0637788
52.5737 1 0.12422 0.0154587 0.0347536
52.6737 1 0.0908328 0.0355268 0.0787156
52.7736 1 0.11528 0.0156703 0.0324084
52.8736 1 0.520166 0.117985 0.469708
52.9735 1 0.109223 0.0179972 0.0764964
53.0735 1 0.244559 0.0733668 0.0389398
53.1734 1 0.120811 0.0148798 0.0678384
53.2734 1 0.200906 0.0439346 0.187453
53.3733 1 0.225802 0.0198741 0.0901487
53.4733 1 0.143464 0.0120329 0.0435917
53.5732 1 0.119881 0.0168023 0.113133
53.6732 1 0.172041 0.037637 0.0693382
53.7731 1 0.124389 0.0145815 0.122988
53.8731 1 0.13422 0.0130568 0.136538
53.973 1 0.244004 0.0776587 0.4851
54.073 1 0.327018 0.10404 1.15653
54.1729 1 0.0676604 0.046539 0.162702
54.2729 1 0.0555928 0.0408496 0.28082
54.3728 1 0.147624 0.00883713 0.0796118
54.4728 1 0.104357 0.0212155 0.30845
54.5727 1 0.0700606 0.0247002 0.436104
54.6727 1 0.13978 0.00751719 0.201858
54.7726 1 0.15005 0.00770966 0.178737
54.8726 1 0.287966 0.0228668 0.451755
54.9725 1 0.276994 0.032392 0.384584
55.0725 1 0.141026 0.0120725 0.0713446
55.1724 1 0.153753 0.00831508 0.176137
55.2724 1 0.359027 0.0475255 0.46538
55.3723 1 0.19156 0.00946784 0.110004
55.4723 1 0.179921 0.00945124 0.143982
55.5722 1 0.191221 0.0126332 0.0972296
55.6722 1 0.233135 0.00914669 0.267902
55.7721 1 0.172063 0.00660543 0.0240723
55.8721 1 0.169021 0.00971043 0.0499801
55.972 1 0.230789 0.0137765 0.115761
56.072 1 0.178812 0.00877808 0.183714
56.1719 1 0.127778 0.0136994 0.0675004
56.2719 1 0.0964814 0.0176492 0.167705
56.3718 1 0.167964 0.00724844 0.0990618
56.4718 1 0.167125 0.0290689 0.496508
56.5717 1 0.239387 0.014394 0.453263
56.6717 1 0.124382 0.0149983 0.16185
56.7716 1 0.140718 0.0341707 0.765858
56.8716 1 0.100662 0.0312216 0.792307
56.9715 1 0.171079 0.0103927 0.0728155
57.0715 1 0.124377 0.0147626 0.21301
57.1714 1 0.323482 0.0539231 0.562733
57.2714 1 0.169124 0.00749443 0.0947979
57.3713 1 0.16711 0.0220461 0.373528
57.4713 1 0.193676 0.0133674 0.0108281
57.5712 1 0.140146 0.0167219 0.113526
57.6712 1 0.17333 0.0368625 0.481467
57.7711 1 0.171691 0.0112562 0.158105
57.8711 1 0.140486 0.0111091 0.0860882
57.971 1 0.171908 0.0267161 0.401521
58.071 1 0.187717 0.00577629 0.0820172
58.1709 1 0.155094 0.0132007 0.161748
58.2709 1 0.161228 0.00861448 0.092817
58.3708 1 0.170543 0.00591432 0.114584
58.4708 1 0.0236144 0.0321649 0.560785
58.5707 1 0.163084 0.00797407 0.0822016
58.6707 1 0.237311 0.0130403 0.160003
58.7706 1 0.133911 0.0128046 0.0602553
58.8706 1 0.169652 0.00733261 0.26777
58.9705 1 1.02433 0.232415 0.17363
59.0705 1 0.144842 0.0175398 0.285093
59.1704 1 0.167086 0.0285465 0.38489
59.2704 1 0.140938 0.0152686 0.286782
59.3703 1 0.16858 0.0139605 0.24266
59.4703 1 0.141831 0.0145401 0.327936
59.5702 1 0.129296 0.00853655 0.424558
59.6702 1 0.145528 0.0108526 0.177997
59.7701 1 0.116212 0.0242823 0.260488
59.8701 1 0.181723 0.0277821 0.25511
59.97 1 0.174178 0.00914183 0.0958174
60.07 1 0.146114 0.0118485 0.111716
60.1699 1 0.191233 0.0787639 0.532752
60.2699 1 0.344281 0.0475707 0.411285
60.3698 1 0.179357 0.0057967 0.065739
60.4698 1 0.153595 0.0129682 0.1315
60.5697 1 0.591055 0.115854 0.585604
60.6697 1 0.184058 0.0127974 0.210427
60.7696 1 0.130843 0.015556 0.198612
60.8696 1 0.173604 0.0137132 0.0739959
60.9695 1 0.112613 0.0162419 0.299127
61.0695 1 0.237631 0.0273737 0.273831
61.1694 1 0.234972 0.0176014 0.139795
61.2694 1 0.175664 0.00988867 0.0131549
61.3693 1 0.147967 0.010704 0.0446293
61.4693 1 0.140401 0.0162234 0.0258876
61.5692 1 0.0775202 0.0562323 0.320477
61.6692 1 0.14711 0.0124968 0.0828562
61.7691 1 0.174858 0.0099459 0.032282
61.8691 1 0.113049 0.0294136 0.134711
61.969 1 0.155959 0.0227367 0.0484709
62.069 1 0.164516 0.00795225 0.0332763
62.1689 1 0.14048 0.0131367 0.00946962
62.2689 1 0.0811853 0.0387739 0.11007
62.3688 1 0.145672 0.0121299 0.0329363
62.4688 1 0.172786 0.00955835 0.0457446
62.5687 1 0.155507 0.0109796 0.0227851
62.6687 1 0.239126 0.0407154 0.0748901
62.7686 1 0.149806 0.0106672 0.0346015
62.8686 1 0.160447 0.010711 0.0118808
62.9685 1 0.320573 0.0312158 0.0233548
63.0685 1 0.510777 0.088423 0.0340509
63.1684 1 0.158939 0.0176807 0.0143279
63.2684 1 0.167096 0.0150296 0.00761534
63.3683 1 0.287766 0.0204494 0.00954851
63.4683 1 0.125912 0.0136641 0.0110127
63.5682 1 0.204433 0.0296425 0.0393585
63.6682 1 0.271361 0.0225841 0.0310783
63.7681 1 0.271898 0.019213 0.0394982
63.8681 1 0.135145 0.0172308 0.0614856
63.968 1 0.137446 0.0289856 0.0746492
64.068 1 0.124918 0.0235345 0.108777
64.1679 1 0.210433 0.0215431 0.186338
64.2679 1 0.159614 0.0159433 0.0489712
64.3678 1 0.189447 0.0176788 0.18018
64.4678 1 0.123264 0.0176715 0.230384
64.5677 1 0.320206 0.0241741 0.129021
64.6677 1 0.180717 0.0168795 0.0123564
64.7676 1 0.144152 0.0153003 0.112085
64.8676 1 0.331492 0.0562743 0.210692
64.9675 1 0.258182 0.0116305 0.102198
65.0675 1 0.186875 0.00341446 0.0537037
65.1674 1 0.0748722 0.0182602 0.26831
65.2674 1 0.35213 0.0428686 0.0979038
65.3673 1 0.284373 0.0200103 0.185202
65.4673 1 0.142082 0.0129818 0.164487
65.5672 1 0.750434 0.112764 1.12603
65.6672 1 0.268361 0.014374 0.223614
65.7671 1 0.307771 0.0398324 0.741563
65.8671 1 0.183324 0.00571626 0.0870182
65.967 1 0.37325 0.0427385 0.805904
66.067 1 0.163136 0.0139131 0.140563
66.1669 1 0.177632 0.0157099 0.0524414
66.2669 1 0.293327 0.0333338 0.256204
66.3668 1 0.205099 0.0167125 0.413481
66.4668 1 0.1481 0.0218808 0.321491
66.5667 1 0.151152 0.0144802 0.164607
66.6667 1 0.103687 0.0289168 0.0884841
66.7666 1 0.253474 0.0164481 0.21174
66.8666 1 0.428984 0.0397594 0.415876
66.9665 1 0.184296 0.0147586 0.295131
67.0665 1 0.143841 0.0107018 0.473434
67.1664 1 0.225696 0.00941758 0.0681264
67.2664 1 0.19258 0.00722533 0.113245
67.3663 1 0.115968 0.0312673 0.197401
67.4663 1 0.249396 0.00959704 0.233335
67.5662 1 0.301562 0.0401158 0.635563
67.6662 1 0.185031 0.0224901 0.18022
67.7661 1 0.380466 0.049362 1.02566
67.8661 1 0.144803 0.015631 0.1218
67.966 1 0.161232 0.00753594 0.241337
68.066 1 0.0904545 0.0395717 1.18758
68.1659 1 0.188124 0.00953207 0.132212
68.2659 1 0.140305 0.0179425 0.38007
68.3658 1 0.188171 0.0163128 0.0764214
68.4658 1 1.16969 0.267497 8.05837
68.5657 1 0.18053 0.00663281 0.205115
68.6657 1 0.182078 0.00834735 0.162217
68.7656 1 0.135736 0.0379454 0.347635
68.8656 1 0.219497 0.0296133 0.536815
68.9655 1 0.206765 0.00945994 0.11545
69.0655 1 0.257994 0.0131754 0.167664
69.1654 1 0.122779 0.024549 0.350179
69.2654 1 0.171308 0.0118271 0.168254
69.3653 1 0.168388 0.0120981 0.375778
69.4653 1 0.144992 0.0125914 0.100918
69.5652 1 0.116572 0.0270479 0.550653
69.6652 1 0.163472 0.0187145 0.383576
69.7651 1 0.318054 0.00900759 0.202244
69.8651 1 0.144876 0.0188916 0.0949701
69.965 1 0.18822 0.00901951 0.128428
70.065 1 0.242664 0.0158107 0.030969
70.1649 1 0.331411 0.0167536 0.339272
70.2649 1 0.181608 0.00703313 0.233379
70.3648 1 0.165024 0.0111338 0.110655
70.4648 1 0.158528 0.0104425 0.37092
70.5647 1 0.487113 0.0624497 1.09631
70.6647 1 0.233574 0.0135599 0.494551
70.7646 1 0.151784 0.015547 0.27278
70.8646 1 0.182579 0.0152915 0.160786
70.9645 1 0.328877 0.020892 0.386468
71.0645 1 0.187392 0.00694908 0.156075
71.1644 1 0.283879 0.0423308 0.918153
71.2644 1 0.324961 0.0237002 0.190955
71.3643 1 0.156552 0.0178139 0.235349
71.4643 1 0.135136 0.0181522 0.340095
71.5642 1 0.107812 0.0222306 0.20209
71.6642 1 0.254785 0.0218423 0.0842164
71.7641 1 0.21751 0.00880431 0.0454525
71.8641 1 0.183117 0.00651332 0.0663882
71.964 1 0.288643 0.0161634 0.0875272
72.064 1 0.20189 0.00914187 0.14687
72.1639 1 0.17396 0.00984487 0.0811272
72.2639 1 0.154538 0.039389 0.105737
72.3638 1 0.278989 0.00894061 0.0707145
72.4638 1 0.188505 0.00686213 0.054968
72.5637 1 0.511074 0.0414797 0.647181
72.6637 1 0.12114 0.0416175 0.378623
72.7636 1 0.129901 0.0543135 0.620117
72.8636 1 0.186122 0.0131728 0.0215603
72.9635 1 1.82889 0.362186 1.58286
73.0635 1 0.0803397 0.0485349 0.15118
73.1634 1 0.151864 0.0154451 0.0657965
73.2634 1 0.171159 0.0111309 0.024312
73.3633 1 0.159402 0.0149543 0.0360679
73.4633 1 0.100556 0.0359419 0.0809042
73.5632 1 0.349631 0.0305656 0.124249
73.6632 1 0.164583 0.0179456 0.0391732
73.7631 1 0.154513 0.00965085 0.0444539
73.8631 1 0.326216 0.0305755 0.12705
73.963 1 0.172031 0.0107993 0.0193895
74.063 1 0.304901 0.0132211 0.0264042
74.1629 1 0.166728 0.0102726 0.0290834
74.2629 1 0.319403 0.023281 0.0861659
74.3628 1 0.16213 0.0104087 0.0406711
74.4628 1 0.144046 0.0295847 0.0313734
74.5627 1 0.278538 0.0133475 0.055913
74.6627 1 0.224268 0.00559227 0.0472482
74.7626 1 0.157732 0.0133435 0.032219
74.8626 1 0.212987 0.00578475 0.0180419
74.9625 1 0.23534 0.0133925 0.108899
75.0625 1 0.224512 0.0103082 0.106891
75.1624 1 0.148788 0.0145609 0.156603
75.2624 1 0.172783 0.0241158 0.185357
75.3623 1 0.181476 0.00864942 0.00701203
75.4623 1 0.138871 0.0207364 0.121744
75.5622 1 0.153553 0.0266043 0.0251681
75.6622 1 0.193848 0.00627684 0.0743347
75.7621 1 0.211352 0.0102104 0.0294634
75.8621 1 0.600106 0.0538616 0.726728
75.962 1 0.0846138 0.0330272 0.443636
76.062 1 0.149808 0.0179859 0.117804
76.1619 1 0.188059 0.0109422 0.178495
76.2619 1 0.164064 0.0140126 0.215331
76.3618 1 0.204776 0.0284656 0.150902
76.4618 1 0.188929 0.00398759 0.0559713
76.5617 1 0.228006 0.0149367 0.048269
76.6617 1 0.237095 0.0147863 0.0754143
76.7616 1 0.24394 0.00708671 0.142984
76.8616 1 0.215101 0.00729568 0.0718968
76.9615 1 0.232424 0.00776137 0.0504768
77.0615 1 0.26045 0.00906755 0.0427607
77.1614 1 0.210761 0.00957057 0.0541031
77.2614 1 0.205217 0.00794691 0.114707
77.3613 1 0.200447 0.00724909 0.138809
77.4613 1 0.271587 0.0146749 0.123656
77.5612 1 0.2074 0.00459435 0.0881332
77.6612 1 0.205073 0.00392829 0.0354457
77.7611 1 0.272655 0.00876553 0.229805
77.8611 1 0.191568 0.0054082 0.173581
77.961 1 0.18367 0.00916641 0.0098772
78.061 1 0.236655 0.0147312 0.276373
78.1609 1 0.19939 0.0100996 0.0560569
78.2609 1 0.171358 0.0102702 0.233359
78.3608 1 0.272355 0.0205485 0.358237
78.4608 1 0.267122 0.0179509 0.227073
78.5607 1 0.175448 0.0136223 0.321311
78.6607 1 0.163666 0.0188558 0.553891
78.7606 1 0.188964 0.0159642 0.29867
78.8606 1 0.1898 0.0132584 0.168477
78.9605 1 0.204425 0.012262 0.128081
79.0605 1 0.209723 0.00957159 0.0820154
79.1604 1 0.193552 0.0089424 0.0942681
79.2604 1 0.225233 0.0177693 0.168269
79.3603 1 0.322341 0.0175457 0.679058
79.4603 1 0.195902 0.00735726 0.160512
79.5602 1 0.204196 0.0118832 0.489618
79.6602 1 0.187003 0.00647844 0.314029
79.7601 1 0.185017 0.0069156 0.350929
79.8601 1 0.415686 0.0385446 0.625494
79.96 1 0.153802 0.0108338 0.39471
80.06 1 0.10426 0.019076 0.288539
80.1599 1 0.19429 0.00832663 0.112819
80.2599 1 0.268113 0.0125075 0.380699
80.3598 1 0.276315 0.0199219 0.603276
80.4598 1 0.188545 0.00903427 0.159176
80.5597 1 0.304244 0.0211293 0.232546
80.6597 1 0.282585 0.0110887 0.10742
80.7596 1 0.19795 0.0331832 0.378126
80.8596 1 0.142586 0.0177135 0.195396
80.9595 1 0.164964 0.0111976 0.168522
81.0595 1 0.176697 0.0130237 0.101738
81.1594 1 0.232622 0.0129755 0.324838
81.2594 1 0.188413 0.0104225 0.520837
81.3593 1 0.234982 0.0166154 0.249233
81.4593 1 0.273862 0.0106869 0.0937329
81.5592 1 0.185102 0.0220043 0.235258
81.6592 1 0.177109 0.0112388 0.0906877
81.7591 1 0.342922 0.0207503 0.364417
81.8591 1 0.224262 0.00559795 0.152913
81.959 1 0.302009 0.0234115 0.326927
82.059 1 0.134565 0.0182463 0.111686
82.1589 1 0.313747 0.00324249 0.267426
82.2589 1 0.152094 0.0138839 0.170315
82.3588 1 0.188867 0.0176236 0.122826
82.4588 1 0.297429 0.0184665 0.198892
82.5587 1 0.310132 0.0183965 0.182245
82.6587 1 0.132579 0.0305844 0.380308
82.7586 1 0.25827 0.0102294 0.134712
82.8586 1 0.23352 0.0215954 0.250518
82.9585 1 0.350507 0.02389 0.315968
83.0585 1 0.187775 0.0117099 0.150384
83.1584 1 0.186072 0.0108756 0.0962524
83.2584 1 0.166086 0.0120661 0.0435557
83.3583 1 0.137762 0.0536277 0.212035
83.4583 1 0.210346 0.00750315 0.104121
83.5582 1 0.199449 0.00928853 0.0906166
83.6582 1 0.240742 0.0119734 0.058909
83.7581 1 0.217778 0.00457869 0.0330666
83.8581 1 0.212722 0.00746719 0.00702764
83.958 1 0.21974 0.00144195 0.00763386
84.058 1 0.269388 0.0088996 0.0205878
84.1579 1 0.214494 0.00236216 0.00662626
84.2579 1 0.306788 0.0117146 0.0350838
84.3578 1 0.260822 0.00553833 0.00959568
84.4578 1 0.217052 0.0033157 0.0111756
84.5577 1 0.191708 0.00543728 0.0318428
84.6577 1 0.258271 0.00651855 0.0125881
84.7576 1 0.237052 0.00567549 0.0270146
84.8576 1 0.297826 0.00944735 0.069852
84.9575 1 0.245991 0.00519119 0.0267795
85.0575 1 0.217003 0.00745192 0.0487524
85.1574 1 0.208448 0.00547156 0.0779177
85.2574 1 0.346508 0.0483656 0.157108
85.3573 1 0.190537 0.0102515 0.0215003
85.4573 1 0.294798 0.02774 0.153346
85.5572 1 0.260914 0.0145593 0.1284
85.6572 1 0.316243 0.0167506 0.116117
85.7571 1 0.293459 0.013648 0.111293
85.8571 1 0.225079 0.00274369 0.0437296
85.957 1 0.249867 0.00995744 0.0414908
86.057 1 0.21356 0.0052839 0.0361407
86.1569 1 0.0818927 0.0356246 0.28454
86.2569 1 0.234219 0.0141871 0.21949
86.3568 1 0.246998 0.0100165 0.0362078
86.4568 1 0.286414 0.0139682 0.24224
86.5567 1 0.205541 0.00522493 0.122204
86.6567 1 0.215948 0.00931007 0.0457438
86.7566 1 0.335796 0.0171643 0.28607
86.8566 1 0.216183 0.00788186 0.14662
86.9565 1 0.206328 0.00564418 0.253989
87.0565 1 0.257001 0.0106297 0.128174
87.1564 1 0.09942 0.0231692 0.191761
87.2564 1 0.182385 0.014059 0.333616
87.3563 1 0.217981 0.00598153 0.215476
87.4563 1 0.17832 0.0101424 0.179975
87.5562 1 0.163908 0.0118732 0.100497
87.6562 1 0.220617 0.00887961 0.276117
87.7561 1 0.314248 0.0107661 0.408947
87.8561 1 0.214739 0.00339164 0.153752
87.956 1 0.260995 0.0102479 0.41872
88.056 1 0.233194 0.0123811 0.081953
88.1559 1 0.190365 0.0101076 0.144101
88.2559 1 0.402564 0.0288283 0.292383
88.3558 1 0.243378 0.0039308 0.0943079
88.4558 1 0.212207 0.00258382 0.115239
88.5557 1 0.230341 0.01095 0.391301
88.6557 1 0.263132 0.0124017 0.191892
88.7556 1 0.191026 0.0064877 0.202535
88.8556 1 0.107871 0.0297216 0.564923
88.9555 1 0.331948 0.0173641 0.440959
89.0555 1 0.191709 0.00688509 0.197591
89.1554 1 0.329243 0.0214359 0.278133
89.2554 1 0.168172 0.0134026 0.304751
89.3553 1 0.204782 0.00874671 0.136716
89.4553 1 0.227362 0.00956289 0.293848
89.5552 1 0.21899 0.0062237 0.109251
89.6552 1 0.219007 0.00862402 0.129727
89.7551 1 0.214322 0.00439029 0.0427682
89.8551 1 0.244605 0.00371766 0.106272
89.955 1 0.302522 0.0105695 0.327634
90.055 1 0.220835 0.00295718 0.0227183
90.1549 1 0.269877 0.0110102 0.145327
90.2549 1 0.253958 0.0104468 0.139972
90.3548 1 0.0697116 0.0325296 0.291203
90.4548 1 0.258972 0.00811386 0.172206
90.5547 1 0.187933 0.00756438 0.27902
90.6547 1 0.203826 0.00804965 0.0683062
90.7546 1 0.258663 0.01094 0.303421
90.8546 1 0.276964 0.017524 0.217247
90.9545 1 0.317806 0.0216328 0.68039
91.0545 1 0.225958 0.0202786 0.171635
91.1544 1 0.257966 0.0123031 0.241859
91.2544 1 0.42989 0.0490807 0.72596
91.3543 1 0.263221 0.0400547 0.142085
91.4543 1 0.258265 0.00883111 0.11972
91.5542 1 0.25463 0.0100752 0.364832
91.6542 1 0.223238 0.0043249 0.111443
91.7541 1 0.221802 0.00964653 0.128818
91.8541 1 0.271498 0.00599869 0.0445846
91.954 1 0.331613 0.030727 1.62043
92.054 1 0.224802 0.00717837 0.11751
92.1539 1 0.249772 0.00989852 0.197328
92.2539 1 0.258805 0.0176865 0.217112
92.3538 1 0.196474 0.00925691 0.165407
92.4538 1 0.213337 0.00270531 0.0776639
92.5537 1 0.493971 0.0653629 1.14296
92.6537 1 0.100238 0.0278461 0.252466
92.7536 1 0.268129 0.0241631 0.725191
92.8536 1 0.367727 0.0237931 0.272287
92.9535 1 0.174517 0.0119432 0.344616
93.0535 1 0.254596 0.0105719 0.281322
93.1534 1 0.212473 0.0136258 0.0589967
93.2534 1 0.200678 0.00774332 0.0610797
93.3533 1 0.2602 0.00730526 0.116186
93.4533 1 0.301721 0.0143725 0.0370417
93.5532 1 0.186739 0.00996855 0.0628248
93.6532 1 0.206692 0.00610323 0.0697262
93.7531 1 0.289434 0.0117817 0.0908152
93.8531 1 0.252523 0.00917121 0.037341
93.953 1 0.181091 0.0158852 0.0214983
94.053 1 0.29817 0.0148659 0.0617007
94.1529 1 0.52949 0.0585006 0.0521312
94.2529 1 0.137204 0.024278 0.0428394
94.3528 1 0.292542 0.0165188 0.0392755
94.4528 1 0.0911776 0.0287238 0.0684485
94.5527 1 0.194867 0.00940662 0.0108261
94.6527 1 0.203614 0.0115153 0.0122298
94.7526 1 0.551383 0.0587432 0.0812265
94.8526 1 0.200521 0.0082014 0.00545763
94.9525 1 0.274285 0.0100832 0.0125509
95.0525 1 0.301052 0.0127281 0.0643786
95.1524 1 0.232746 0.00900942 0.0345037
95.2524 1 0.193927 0.0129588 0.0417636
95.3523 1 0.311772 0.0189963 0.0512592
95.4523 1 0.259123 0.0188633 0.0953399
95.5522 1 0.218425 0.00378779 0.0422157
95.6522 1 0.216957 0.0103387 0.0520838
95.7521 1 0.333351 0.0346303 0.230213
95.8521 1 0.196596 0.00703058 0.0701134
95.952 1 0.397311 0.0371667 0.634233
96.052 1 0.342259 0.0446279 0.440346
96.1519 1 0.201881 0.0186273 0.275781
96.2519 1 0.344097 0.0133195 0.444858
96.3518 1 0.260866 0.01299 0.0840522
96.4518 1 0.182288 0.0354273 0.374618
96.5517 1 0.231909 0.0198051 0.18742
96.6517 1 0.0607115 0.0495539 0.592934
96.7516 1 0.571019 0.0603645 0.483157
96.8516 1 0.261956 0.04921 0.546414
96.9515 1 0.296113 0.0148532 0.0678291
97.0515 1 0.197549 0.00804884 0.051868
97.1514 1 0.214817 0.0198414 0.346637
97.2514 1 0.223842 0.0199067 0.143144
97.3513 1 0.304997 0.02079 0.287057
97.4513 1 0.112284 0.0276604 0.708403
97.5512 1 0.324314 0.029881 0.9843
97.6512 1 0.240527 0.0133463 0.102114
97.7511 1 0.0853753 0.0348478 0.633958
97.8511 1 0.294295 0.0277546 0.690138
97.951 1 0.186226 0.00831142 0.130175
98.051 1 0.21201 0.0116892 0.390926
98.1509 1 0.19493 0.0157088 0.250762
98.2509 1 0.136209 0.028275 0.489045
98.3508 1 0.426261 0.0959613 1.52037
98.4508 1 0.418108 0.040902 0.420776
98.5507 1 0.378366 0.0618239 0.381246
98.6507 1 0.287459 0.014641 0.624309
98.7506 1 0.199346 0.011811 0.174269
98.8506 1 0.373951 0.0324892 0.400041
98.9505 1 0.252193 0.0203972 0.222314
99.0505 1 0.15628 0.0145967 0.40726
99.1504 1 0.202343 0.0162078 0.515897
99.2504 1 0.106804 0.0253733 0.910361
99.3503 1 0.18803 0.0143055 0.627879
99.4503 1 0.325176 0.0168787 0.788257
99.5502 1 0.147583 0.0144909 0.527499
99.6502 1 0.428819 0.0620096 2.40784
99.7501 1 0.0765276 0.0395309 1.84403
99.8501 1 0.313351 0.0164209 0.489584
99.95 1 0.117165 0.033421 1.59463
