# Generated from ../data/13JUL2013/024.dat
freq T_s gyro_x steer steer_rate v
0 1 0.00658529 0.0764038 0.00722505 9.40362
0.0792393 1 0.489745 0.402449 0.218721 17.9573
0.158479 1 0.404559 0.444468 0.424405 7.1609
0.237718 1 0.429083 0.148492 0.189228 2.3342
0.316957 1 0.393809 0.0228129 0.059222 0.26886
0.396196 1 0.158224 0.189752 0.464473 0.373112
0.475436 1 0.183076 0.0300323 0.0791528 0.612635
0.554675 1 0.131216 0.297651 1.03243 0.178558
0.633914 1 0.0693619 0.140464 0.540084 0.187199
0.713154 1 0.0990596 0.123211 0.541334 0.152625
0.792393 1 0.178289 0.200646 1.01517 0.31037
0.871632 1 0.30112 0.274291 1.52596 0.482995
0.950872 1 0.107337 0.136861 0.809818 0.0743459
1.03011 1 0.0404582 0.106927 0.687564 0.00887811
1.10935 1 0.0671061 0.0671467 0.46047 0.0466073
1.18859 1 0.0258611 0.0789847 0.589354 0.0480827
1.26783 1 0.0875952 0.0331383 0.250909 0.0737977
1.34707 1 0.171107 0.129213 1.07082 0.270827
1.42631 1 0.148855 0.209459 1.83591 0.11648
1.50555 1 0.066467 0.0692737 0.645404 0.0201693
1.58479 1 0.03699 0.0689532 0.670974 0.0607405
1.66403 1 0.0567538 0.0261786 0.280442 0.0402333
1.74326 1 0.0889821 0.00951826 0.133891 0.114089
1.8225 1 0.0861151 0.0691731 0.760297 0.0910095
1.90174 1 0.0447436 0.0470142 0.541034 0.105333
1.98098 1 0.0055879 0.0308401 0.391532 0.0331427
2.06022 1 0.00576708 0.0225793 0.268321 0.0706602
2.13946 1 0.224575 0.0937303 1.336 0.324352
2.2187 1 0.0228334 0.0207918 0.275119 0.0783798
2.29794 1 0.0151502 0.0291847 0.401012 0.0532669
2.37718 1 0.05374 0.0725562 0.992513 0.199274
2.45642 1 0.123867 0.0919132 1.47246 0.271593
2.53566 1 0.0219628 0.0693853 1.06075 0.13627
2.6149 1 0.0185017 0.0232688 0.343445 0.0547474
2.69414 1 0.00418259 0.0215317 0.321965 0.104002
2.77338 1 0.0470913 0.00499366 0.0670276 0.204335
2.85261 1 0.0136501 0.0236467 0.371147 0.181001
2.93185 1 0.0137426 0.0216384 0.350243 0.0667939
3.01109 1 0.022383 0.0224961 0.363611 0.066519
3.09033 1 0.0202936 0.0235897 0.378786 0.138196
3.16957 1 0.0629235 0.07042 1.27378 0.129694
3.24881 1 0.0418882 0.0478776 0.942669 0.191071
3.32805 1 0.0355234 0.0121319 0.282412 0.0466616
3.40729 1 0.0148461 0.0378062 0.814145 0.17006
3.48653 1 0.0144543 0.0336556 0.618424 0.150629
3.56577 1 0.0915283 0.0492072 0.923823 0.230104
3.64501 1 0.0162353 0.0236815 0.395293 0.164036
3.72425 1 0.0252822 0.0337542 0.730199 0.118981
3.80349 1 0.0386212 0.052241 1.01994 0.255531
3.88273 1 0.022735 0.0123353 0.184266 0.121561
3.96196 1 0.0126785 0.0248248 0.487016 0.0752323
4.0412 1 0.0629415 0.0200223 0.393607 0.196165
4.12044 1 0.0594942 0.0364082 0.844919 0.413001
4.19968 1 0.0302635 0.0119402 0.333406 0.0297594
4.27892 1 0.010611 0.0189917 0.416249 0.0591622
4.35816 1 0.0387149 0.0208304 0.432054 0.121898
4.4374 1 0.0370136 0.0272143 0.633415 0.19796
4.51664 1 0.0117566 0.00871609 0.242998 0.0600833
4.59588 1 0.0287194 0.0182818 0.410938 0.107454
4.67512 1 0.00609768 0.00888995 0.207354 0.0804232
4.75436 1 0.0677924 0.0559016 1.14341 0.410471
4.8336 1 0.0323681 0.0108538 0.255585 0.0901973
4.91284 1 0.00853713 0.0138837 0.318278 0.0538701
4.99208 1 0.00777921 0.00489476 0.138428 0.0819575
5.07132 1 0.0964097 0.0255268 0.427927 0.261387
5.15055 1 0.0237595 0.0107351 0.194198 0.122901
5.22979 1 0.0446484 0.0262772 0.54486 0.184076
5.30903 1 0.00780752 0.0019491 0.0906257 0.0244222
5.38827 1 0.0149178 0.0175901 0.364005 0.137262
5.46751 1 0.364902 0.125251 2.61756 1.31285
5.54675 1 0.00193897 0.0105647 0.21081 0.099413
5.62599 1 0.00414188 0.00423382 0.056059 0.0617957
5.70523 1 0.0118857 0.0131412 0.303186 0.11499
5.78447 1 0.0423435 0.0264034 0.525312 0.313594
5.86371 1 0.0311714 0.0228006 0.543416 0.117116
5.94295 1 0.00274715 0.00465603 0.0773958 0.0484616
6.02219 1 0.0140368 0.0154783 0.396611 0.0696019
6.10143 1 0.0192744 0.0106002 0.179612 0.0825887
6.18067 1 0.0153786 0.00990453 0.233294 0.053493
6.2599 1 0.00991608 0.004695 0.0613046 0.0396356
6.33914 1 0.0299254 0.0174098 0.47253 0.0677284
6.41838 1 0.0153072 0.0284394 0.593908 0.140441
6.49762 1 0.0421125 0.0497003 1.26687 0.141723
6.57686 1 0.00654886 0.0073475 0.159798 0.0356826
6.6561 1 0.00503707 0.0132898 0.374954 0.0385333
6.73534 1 0.00820507 0.0068776 0.111074 0.108445
6.81458 1 0.171074 0.121113 3.07863 0.773489
6.89382 1 0.0127175 0.00659529 0.123451 0.0671177
6.97306 1 0.0047066 0.0144303 0.379558 0.0971014
7.0523 1 0.00140185 0.0207551 0.539856 0.153449
7.13154 1 0.02045 0.0159268 0.458385 0.0262919
7.21078 1 0.0116562 0.00517167 0.113981 0.0401085
7.29002 1 0.0188716 0.00192424 0.0460305 0.0218052
7.36925 1 0.0138423 0.0108076 0.287547 0.0771683
7.44849 1 0.00825735 0.0255988 0.785444 0.0573513
7.52773 1 0.0349374 0.026576 0.756225 0.0119209
7.60697 1 0.0181589 0.00872782 0.264826 0.0367797
7.68621 1 0.0206161 0.0119588 0.270244 0.0587304
7.76545 1 0.019331 0.0121676 0.360803 0.0280419
7.84469 1 0.0188795 0.0136423 0.338157 0.0664477
7.92393 1 0.017999 0.00885604 0.244821 0.0494078
8.00317 1 0.0206922 0.0213503 0.683877 0.0489724
8.08241 1 0.0251244 0.0207698 0.632154 0.0651886
8.16165 1 0.0164454 0.0207754 0.623224 0.0519282
8.24089 1 0.0159014 0.0101581 0.32786 0.0157303
8.32013 1 0.0316269 0.0106674 0.348679 0.0313378
8.39937 1 0.0249977 0.0147528 0.432374 0.0425384
8.4786 1 0.0134265 0.0276891 0.92823 0.0524665
8.55784 1 0.00580777 0.013851 0.457469 0.0428928
8.63708 1 0.0110944 0.00540198 0.110696 0.0238402
8.71632 1 0.0321838 0.0217462 0.750852 0.0302059
8.79556 1 0.0447429 0.0192271 0.731534 0.0516641
8.8748 1 0.019493 0.0069075 0.276803 0.0188667
8.95404 1 0.0353117 0.0208805 0.838396 0.0207074
9.03328 1 0.0413007 0.00869018 0.375317 0.00956199
9.11252 1 0.0316523 0.007717 0.289842 0.0149255
9.19176 1 0.0268363 0.0169905 0.530496 0.0178843
9.271 1 0.0213631 0.00782576 0.319926 0.00582662
9.35024 1 0.024519 0.00821909 0.340425 0.0117374
9.42948 1 0.0554832 0.0353601 1.12292 0.0564589
9.50872 1 0.0200109 0.010056 0.374734 0.012006
9.58795 1 0.0141432 0.000878046 0.066631 0.00587808
9.66719 1 0.0304671 0.00799422 0.30256 0.0108406
9.74643 1 0.0302803 0.0132628 0.496924 0.00419027
9.82567 1 0.0409162 0.0170463 0.525509 0.02001
9.90491 1 0.00755104 0.00533416 0.123131 0.00862118
9.98415 1 0.0488736 0.0136495 0.408821 0.0117025
10.0634 1 0.0376846 0.0131195 0.451357 0.00599053
10.1426 1 0.0161054 0.0121139 0.413059 0.000741823
10.2219 1 0.0119887 0.0104604 0.353627 0.00270183
10.3011 1 0.0234496 0.00660113 0.23748 0.000164541
10.3803 1 0.0361477 0.0078472 0.312679 0.00141417
10.4596 1 0.0347319 0.00523783 0.178419 0.000289281
10.5388 1 0.0135131 0.0116333 0.384027 0.000146058
10.6181 1 0.0112889 0.0111003 0.357153 0.000852596
10.6973 1 0.0466592 0.0110828 0.350706 0.00109568
10.7765 1 0.0227416 0.00434283 0.157741 0.00131241
10.8558 1 0.0077478 0.00422374 0.0961204 0.00428146
10.935 1 0.012676 0.00497084 0.167924 0.00306695
11.0143 1 0.0430802 0.0124464 0.455749 0.00738178
11.0935 1 0.010221 0.00308721 0.0940629 0.00557892
11.1727 1 0.0162985 0.00350982 0.13566 0.00108459
11.252 1 0.0351915 0.008465 0.341573 0.0063592
11.3312 1 0.0230404 0.00255631 0.0648549 0.00172882
11.4105 1 0.0254934 0.00350827 0.153536 0.00168546
11.4897 1 0.0131955 0.00342662 0.116455 0.00373868
11.5689 1 0.0253856 0.00272317 0.10913 0.000321414
11.6482 1 0.0157426 0.0021658 0.0884812 0.00114321
11.7274 1 0.0207421 0.000506679 0.0223954 0.00236631
11.8067 1 0.0167349 0.00200971 0.0779432 0.00190916
11.8859 1 0.0131918 0.000220833 0.012279 0.00082259
11.9651 1 0.0162165 0.00148799 0.0569103 0.000415694
12.0444 1 0.0125321 0.000909305 0.0575993 0.00916311
12.1236 1 0.0170033 0.00580099 0.242259 0.00993229
12.2029 1 0.0184899 0.00134265 0.0529011 0.00176164
12.2821 1 0.0159156 0.00188917 0.0777204 0.000760043
12.3613 1 0.0148063 0.00337099 0.138421 0.00206947
12.4406 1 0.0153348 0.000947421 0.0553983 0.000680606
12.5198 1 0.0137762 0.000902291 0.0708911 0.00421953
12.599 1 0.0300433 0.000832349 0.0139027 0.00352957
12.6783 1 0.0236458 0.00113829 0.0559656 0.00135677
12.7575 1 0.0148326 0.00220385 0.0916766 0.00571371
12.8368 1 0.0428647 0.00382804 0.175328 0.0139309
12.916 1 0.0181207 0.00113562 0.0641899 0.0031332
12.9952 1 0.00225208 0.00287891 0.267348 0.0129782
13.0745 1 0.0123011 0.000722882 0.0424756 0.00373607
13.1537 1 0.0305388 0.000344436 0.0228924 0.00110534
13.233 1 0.0395304 0.00331518 0.137815 0.0102044
13.3122 1 0.0480048 0.000433638 0.00948516 0.0089828
13.3914 1 0.0257961 0.00130033 0.0565962 0.000691849
13.4707 1 0.0278589 0.000198178 0.00955388 0.00208284
13.5499 1 0.0281611 0.000693227 0.0337912 0.00140628
13.6292 1 0.0278046 0.000853938 0.0422107 0.000197174
13.7084 1 0.0257199 0.00114067 0.0553245 0.00175616
13.7876 1 0.0252274 0.00089701 0.0455163 0.000487815
13.8669 1 0.0248925 0.00102451 0.050608 0.00074405
13.9461 1 0.0233823 0.000840001 0.0409245 0.00116245
14.0254 1 0.0239526 0.000582441 0.0292814 0.000391472
14.1046 1 0.0332758 0.00096186 0.045241 0.000450874
14.1838 1 0.0363741 0.000791689 0.0423864 0.0015545
14.2631 1 0.0293643 0.000498897 0.030416 0.00168925
14.3423 1 0.0281366 0.000871449 0.0423817 0.00073503
14.4216 1 0.0336123 0.000615436 0.030968 0.000535769
14.5008 1 0.030637 0.000749402 0.0403618 0.000385015
14.58 1 0.0343589 0.000744647 0.041868 0.00042231
14.6593 1 0.0312763 0.00114202 0.0558168 0.0026016
14.7385 1 0.0257409 0.00104591 0.0480432 0.00455603
14.8177 1 0.0398521 0.000318819 0.0279255 0.00378702
14.897 1 0.0398611 0.000835257 0.0448725 0.000265553
14.9762 1 0.0400395 0.000775207 0.0356396 0.000700845
15.0555 1 0.0289267 0.000745528 0.0284089 0.00451587
15.1347 1 0.0405244 0.00302537 0.141521 0.00463976
15.2139 1 0.055016 0.00212437 0.131525 0.00151041
15.2932 1 0.0435264 0.00201776 0.0897965 0.00421458
15.3724 1 0.057894 0.00460284 0.195686 0.00517909
15.4517 1 0.0659845 0.00329917 0.144539 0.00754729
15.5309 1 0.0288545 0.000915223 0.0307157 0.0109827
15.6101 1 0.132057 0.0131594 0.601426 0.044945
15.6894 1 0.00480349 0.00186722 0.0913863 0.0027062
15.7686 1 0.0300149 0.00224229 0.0946864 0.00301094
15.8479 1 0.0273484 0.00171393 0.056993 0.00221832
15.9271 1 0.0271697 0.00279984 0.110254 0.00622345
16.0063 1 0.0738087 0.00278743 0.0989407 0.0142127
16.0856 1 0.0443112 0.00320878 0.137019 0.00569105
16.1648 1 0.138331 0.00837244 0.32102 0.0107281
16.2441 1 0.0311904 0.00161708 0.0674169 0.00309833
16.3233 1 0.0184413 0.00199786 0.0743209 0.0133069
16.4025 1 0.0190218 0.00846282 0.326386 0.0138988
16.4818 1 0.0153246 0.00242176 0.136237 0.00653875
16.561 1 0.0111028 0.00181754 0.0925946 0.0147072
16.6403 1 0.0476623 0.00764931 0.348018 0.0180537
16.7195 1 0.165864 0.0252314 1.38526 0.120694
16.7987 1 0.0333249 0.0100733 0.444445 0.020558
16.878 1 0.024924 0.00469977 0.165769 0.0290054
16.9572 1 0.0383325 0.00585909 0.260672 0.0602159
17.0364 1 0.00535278 0.00206453 0.154102 0.0279227
17.1157 1 0.010276 0.00152786 0.0471587 0.017395
17.1949 1 0.0357193 0.00417751 0.196659 0.035035
17.2742 1 0.0362292 0.0158079 0.675001 0.0525195
17.3534 1 0.0117561 0.0093325 0.387898 0.068983
17.4326 1 0.00627281 0.00425827 0.185194 0.0138172
17.5119 1 0.0211256 0.00397136 0.149456 0.0351625
17.5911 1 0.00525108 0.00221088 0.0770096 0.014524
17.6704 1 0.0171274 0.00406679 0.138945 0.0349854
17.7496 1 0.0125985 0.0044941 0.190494 0.00686456
17.8288 1 0.0267405 0.00359688 0.155339 0.0685654
17.9081 1 0.0100088 0.00434856 0.189414 0.0185479
17.9873 1 0.0251536 0.0174127 0.760626 0.0607483
18.0666 1 0.000869148 0.00514819 0.203179 0.0186715
18.1458 1 0.0241277 0.00377844 0.13174 0.0356994
18.225 1 0.0133054 0.00550408 0.23263 0.0280988
18.3043 1 0.0244769 0.00272536 0.0888486 0.00510768
18.3835 1 0.0111942 0.00632184 0.288823 0.044967
18.4628 1 0.0151838 0.00881272 0.388396 0.0400521
18.542 1 0.00631847 0.00647312 0.269334 0.0384837
18.6212 1 0.0119727 0.00435532 0.170173 0.0334926
18.7005 1 0.00197972 0.00326146 0.115599 0.0268849
18.7797 1 0.0297932 0.00520983 0.196065 0.0585064
18.859 1 0.00494138 0.00411068 0.163359 0.0143601
18.9382 1 0.0153162 0.00372075 0.132899 0.024365
19.0174 1 0.0110141 0.00545135 0.227074 0.0608907
19.0967 1 0.0100012 0.00296558 0.0768983 0.0240733
19.1759 1 0.00653148 0.00334503 0.126748 0.0283563
19.2551 1 0.0161914 0.00921047 0.378845 0.013134
19.3344 1 0.0294087 0.0220858 1.03439 0.0120067
19.4136 1 0.00580248 0.00489078 0.210667 0.00466973
19.4929 1 0.00975668 0.00679399 0.286052 0.0191426
19.5721 1 0.0128599 0.00346577 0.124133 0.0112904
19.6513 1 0.0164551 0.0104243 0.449848 0.0107289
19.7306 1 0.0260441 0.00391954 0.150119 0.0152291
19.8098 1 0.00679025 0.0102278 0.442124 0.00510505
19.8891 1 0.0195741 0.00385975 0.158769 0.0135397
19.9683 1 0.0314855 0.0160576 0.643749 0.0367183
20.0475 1 0.0376277 0.00549613 0.21318 0.00162159
20.1268 1 0.0086596 0.00337491 0.114302 0.0124659
20.206 1 0.0944655 0.010735 0.171381 0.0671871
20.2853 1 0.0671352 0.0338685 1.41846 0.0605563
20.3645 1 0.0368141 0.0038589 0.0463203 0.00467353
20.4437 1 0.0202289 0.0163242 0.724704 0.00480938
20.523 1 0.0135702 0.00397775 0.147841 0.0061613
20.6022 1 0.0502094 0.0270535 1.26876 0.0192836
20.6815 1 0.0327328 0.00684423 0.274998 0.00304992
20.7607 1 0.0498905 0.0127764 0.47681 0.00699395
20.8399 1 0.156102 0.0282787 1.06767 0.0141815
20.9192 1 0.0301612 0.00418508 0.151987 0.00115374
20.9984 1 0.054987 0.0159232 0.609953 0.0013614
21.0777 1 0.0593859 0.0277182 1.30802 0.00115364
21.1569 1 0.024766 0.0048822 0.207522 0.00116914
21.2361 1 0.0871212 0.038157 1.48271 0.00970563
21.3154 1 0.0689851 0.024489 1.12793 0.0376797
21.3946 1 0.031325 0.0251715 1.04146 0.00603306
21.4738 1 0.0462405 0.0171882 0.743845 0.017828
21.5531 1 0.0268357 0.0117633 0.518546 0.0124214
21.6323 1 0.0115903 0.0177704 0.725078 0.0207102
21.7116 1 0.0143434 0.00378845 0.114478 0.0174887
21.7908 1 0.0192999 0.00345007 0.309633 0.0148469
21.87 1 0.0174689 0.0149019 0.684664 0.017868
21.9493 1 0.016299 0.0119839 0.56856 0.00613734
22.0285 1 0.0122662 0.00873339 0.371967 0.0351637
22.1078 1 0.0172128 0.0086013 0.360586 0.0315344
22.187 1 0.0316445 0.00952876 0.361509 0.0427566
22.2662 1 0.0206351 0.00514173 0.290041 0.0221624
22.3455 1 0.010448 0.00449188 0.133183 0.0208677
22.4247 1 0.0202912 0.00781229 0.355063 0.00797071
22.504 1 0.0124101 0.00785933 0.328948 0.0290929
22.5832 1 0.0454096 0.0256499 1.12057 0.032277
22.6624 1 0.00796796 0.00384641 0.126732 0.023536
22.7417 1 0.0557122 0.0114693 0.495907 0.0116264
22.8209 1 0.0803762 0.0318815 1.20675 0.136973
22.9002 1 0.0116421 0.00814353 0.329952 0.0245171
22.9794 1 0.020494 0.00345475 0.117415 0.0165033
23.0586 1 0.0194109 0.00362634 0.139254 0.00210186
23.1379 1 0.0252631 0.0124282 0.598237 0.0220496
23.2171 1 0.0111145 0.0100446 0.434743 0.014177
23.2964 1 0.0122841 0.00911161 0.400868 0.0066127
23.3756 1 0.0350841 0.00998184 0.430237 0.024815
23.4548 1 0.0400658 0.0106587 0.378753 0.0286188
23.5341 1 0.00256576 0.00517659 0.229139 0.0169122
23.6133 1 0.0140366 0.0162564 0.653994 0.039904
23.6925 1 0.0125319 0.00658453 0.294656 0.018218
23.7718 1 0.0561663 0.0109081 0.415048 0.0203064
23.851 1 0.00587388 0.00192541 0.0747318 0.0122077
23.9303 1 0.0277633 0.00462372 0.199738 0.0147483
24.0095 1 0.00317117 0.00210257 0.0686908 0.0196157
24.0887 1 0.0245592 0.00477215 0.18424 0.0160732
24.168 1 0.0184838 0.00837894 0.370999 0.0280415
24.2472 1 0.0164998 0.00452871 0.222976 0.0116579
24.3265 1 0.00325814 0.0058761 0.24296 0.0104739
24.4057 1 0.007047 0.00418328 0.180297 0.0106122
24.4849 1 0.0177119 0.0038333 0.177744 0.01466
24.5642 1 0.00382102 0.00293506 0.12931 0.00915089
24.6434 1 0.00703354 0.00259616 0.130581 0.00349174
24.7227 1 0.0109839 0.00299203 0.17001 0.0114689
24.8019 1 0.0360269 0.00322318 0.0709167 0.0424268
24.8811 1 0.0219573 0.00867159 0.338248 0.0425214
24.9604 1 0.0213096 0.00639999 0.278115 0.0138865
25.0396 1 0.00555628 0.00189454 0.104681 0.00855169
25.1189 1 0.0102247 0.0036456 0.188517 0.0110277
25.1981 1 0.0150928 0.00203908 0.0788776 0.00117587
25.2773 1 0.0121877 0.00865676 0.399901 0.0155305
25.3566 1 0.012975 0.0011535 0.0771823 0.00883663
25.4358 1 0.00978522 0.00226669 0.10241 0.00662103
25.5151 1 0.00670429 0.00240967 0.145017 0.0222419
25.5943 1 0.00558818 0.0017191 0.0842208 0.00155058
25.6735 1 0.0159292 0.00872284 0.423047 0.0176438
25.7528 1 0.0054297 0.00873182 0.440191 0.01749
25.832 1 0.00343023 0.00208483 0.0868791 0.00865393
25.9113 1 0.00424919 0.0012574 0.0960341 0.0113533
25.9905 1 0.00272074 0.00183634 0.0718848 0.0147326
26.0697 1 0.00116986 0.00201876 0.0983887 0.0134332
26.149 1 0.00311341 0.00291059 0.126801 0.00378953
26.2282 1 0.00424055 0.00171074 0.0780907 0.00345332
26.3074 1 0.0206835 0.00646065 0.297705 0.0386807
26.3867 1 0.000687864 0.0040611 0.205032 0.0049423
26.4659 1 0.00140364 0.00141391 0.0935371 0.00193915
26.5452 1 0.00355137 0.00139025 0.0737178 0.0108373
26.6244 1 0.00427043 0.00193585 0.113827 0.00256588
26.7036 1 0.000786459 0.000790848 0.062159 0.00787395
26.7829 1 0.00547419 0.00121947 0.0852598 0.00348285
26.8621 1 0.0044603 0.00112423 0.0815075 0.00740315
26.9414 1 0.00706314 0.0024201 0.118791 0.0059917
27.0206 1 0.00452806 0.00147912 0.0985482 0.00759498
27.0998 1 0.00499562 0.00244915 0.145443 0.00126523
27.1791 1 0.00394266 0.00235021 0.130127 0.00242581
27.2583 1 0.00394699 0.001771 0.0980366 0.00313736
27.3376 1 0.00407557 0.00212242 0.107431 0.00688494
27.4168 1 0.0162718 0.00333778 0.252937 0.0297995
27.496 1 0.010345 0.00136654 0.0742333 0.00780484
27.5753 1 0.00324049 0.00174613 0.0866413 0.00474169
27.6545 1 0.00519456 0.00115367 0.0714101 0.00280481
27.7338 1 0.00346103 0.001093 0.0630248 0.00303458
27.813 1 0.00575139 0.00171256 0.0949653 0.00407378
27.8922 1 0.00403468 0.00227182 0.118205 0.00417257
27.9715 1 0.00619078 0.000871412 0.0508052 0.00479416
28.0507 1 0.0159744 0.00124105 0.0515892 0.0019968
28.13 1 0.0351637 0.00052209 0.0411422 0.00628026
28.2092 1 0.0251042 0.00233007 0.11157 0.014476
28.2884 1 0.0277802 0.00151242 0.100972 0.00146302
28.3677 1 0.0350921 0.00374078 0.170398 0.0214544
28.4469 1 0.016145 0.00209941 0.118296 0.0118537
28.5261 1 0.00146989 0.00232463 0.132027 0.00421358
28.6054 1 0.0111497 0.00143697 0.0730673 0.00831696
28.6846 1 0.00435825 0.00176857 0.106892 0.00011419
28.7639 1 0.00398309 0.00274801 0.147819 0.00274727
28.8431 1 0.00602404 0.00204162 0.114823 0.00193009
28.9223 1 0.0113323 0.000563926 0.0346792 0.00205568
29.0016 1 0.000811454 0.00175833 0.109509 0.00229405
29.0808 1 0.00596793 0.00260605 0.143411 0.00430238
29.1601 1 0.00229427 0.00234819 0.138567 0.000211874
29.2393 1 0.00148081 0.00122098 0.0814664 0.00144904
29.3185 1 0.00468414 0.00076541 0.0536646 0.00153815
29.3978 1 0.00895456 0.00156801 0.0874032 0.00463449
29.477 1 0.00323728 0.00184842 0.09915 0.00341747
29.5563 1 0.0148184 0.00236267 0.117577 0.00483765
29.6355 1 0.00887736 0.00346246 0.197824 0.00278222
29.7147 1 0.000786612 0.00085213 0.063487 0.000332631
29.794 1 0.00579695 0.00173651 0.100257 0.00219732
29.8732 1 0.0176006 0.00382738 0.209077 0.00614968
29.9525 1 0.0130366 0.00368871 0.173429 0.000421396
30.0317 1 0.00364581 0.00193069 0.119476 0.00230055
30.1109 1 0.00434016 0.00147718 0.0738673 0.00804011
30.1902 1 0.0057679 0.00248644 0.129373 0.00333971
30.2694 1 0.0118918 0.00171354 0.0767387 0.00864562
30.3487 1 0.0062201 0.00335074 0.148231 0.007507
30.4279 1 0.0236823 0.00338085 0.146607 0.00855679
30.5071 1 0.00443781 0.00277017 0.14454 0.00520146
30.5864 1 0.0157519 0.00231392 0.11782 0.00485592
30.6656 1 0.0361227 0.00680691 0.367643 0.00465951
30.7448 1 0.0280563 0.00296751 0.162624 0.00171966
30.8241 1 0.027607 0.00358374 0.146634 0.0144139
30.9033 1 0.0300089 0.00325947 0.165513 0.00708184
30.9826 1 0.0225153 0.00542132 0.251013 0.00631947
31.0618 1 0.0156041 0.00360629 0.192533 0.00110419
31.141 1 0.047876 0.0201967 1.07797 0.013019
31.2203 1 0.151207 0.0137823 0.721814 0.009429
31.2995 1 0.0211101 0.0090366 0.445914 0.00766428
31.3788 1 0.00776967 0.00208555 0.0925585 0.000536716
31.458 1 0.0135891 0.00109924 0.0213897 0.000541585
31.5372 1 0.0407114 0.00288778 0.134499 0.00027893
31.6165 1 0.066645 0.00926343 0.495957 0.000700526
31.6957 1 0.00164425 0.0100703 0.527732 0.00158023
31.775 1 0.0360144 0.00555357 0.221562 0.00572501
31.8542 1 0.0514923 0.000658834 0.0450908 0.00198267
31.9334 1 0.0323158 0.00393837 0.194405 0.00413174
32.0127 1 0.018547 0.00680605 0.336084 0.0075556
32.0919 1 0.038757 0.0040551 0.193851 0.00771184
32.1712 1 0.039362 0.00425402 0.222261 0.004051
32.2504 1 0.0275528 0.00392343 0.193546 0.00959951
32.3296 1 0.0303215 0.000510083 0.0302198 0.00273397
32.4089 1 0.021397 0.00239876 0.117753 0.0045895
32.4881 1 0.024096 0.00419226 0.211163 0.0057885
32.5674 1 0.0494863 0.00659983 0.318858 0.0055583
32.6466 1 0.0293791 0.00297103 0.161051 0.0108916
32.7258 1 0.0638495 0.00613858 0.291596 0.0160598
32.8051 1 0.0325829 0.0012822 0.0813126 0.00344634
32.8843 1 0.0245354 0.000469457 0.0783138 0.0044246
32.9635 1 0.0327174 0.00530153 0.278281 0.0022964
33.0428 1 0.030476 0.00538693 0.232328 0.00508463
33.122 1 0.0179869 0.00336107 0.186907 0.00745636
33.2013 1 0.187917 0.0291757 1.17116 0.158717
33.2805 1 0.0260415 0.00494655 0.248662 0.00606892
33.3597 1 0.125755 0.0161796 0.637146 0.0949218
33.439 1 0.131066 0.0108013 0.37962 0.0781489
33.5182 1 0.0232284 0.0112368 0.545869 0.0466616
33.5975 1 0.00510863 0.00387723 0.184807 0.0202668
33.6767 1 0.0676989 0.0108596 0.485671 0.0465092
33.7559 1 0.0310908 0.00707139 0.361807 0.0175083
33.8352 1 0.0207842 0.00439878 0.204571 0.0121872
33.9144 1 0.149536 0.0163222 0.751724 0.0994987
33.9937 1 0.0374045 0.00293372 0.138825 0.0295398
34.0729 1 0.131619 0.0149593 0.670729 0.073148
34.1521 1 1.16526 0.00925043 2.58963 1.35125
34.2314 1 0.0246502 0.00176252 0.0781173 0.0195933
34.3106 1 0.00507525 0.00506551 0.251752 0.0203866
34.3899 1 0.0347815 0.00510387 0.204122 0.050389
34.4691 1 0.0346645 0.00411896 0.219957 0.016221
34.5483 1 0.0434474 0.00620041 0.29193 0.0344814
34.6276 1 0.027661 0.00675655 0.349252 0.0147737
34.7068 1 0.0289585 0.00355197 0.154 0.0152854
34.7861 1 0.069206 0.0108782 0.559086 0.0390752
34.8653 1 0.0509507 0.00257297 0.0675935 0.0711925
34.9445 1 0.0224753 0.00501659 0.260865 0.0438444
35.0238 1 0.0622866 0.00507035 0.184628 0.0893549
35.103 1 0.0410123 0.00810173 0.404027 0.029904
35.1822 1 0.0343391 0.00344844 0.133107 0.0243954
35.2615 1 0.0919553 0.0187629 0.94794 0.0592738
35.3407 1 0.0300787 0.00360788 0.184819 0.0173108
35.42 1 0.0424482 0.00546225 0.279414 0.0645208
35.4992 1 0.0255231 0.00543019 0.256405 0.0404745
35.5784 1 0.240239 0.0333218 1.39514 0.136434
35.6577 1 0.0221743 0.00681104 0.322473 0.0432615
35.7369 1 0.0930475 0.0115277 0.475906 0.0440059
35.8162 1 0.0495799 0.0036257 0.153669 0.0149103
35.8954 1 0.0665362 0.0079322 0.534044 0.116581
35.9746 1 0.0191585 0.00383516 0.179163 0.0175095
36.0539 1 0.0592135 0.00533412 0.240763 0.0189677
36.1331 1 0.023159 0.0060805 0.303733 0.0353039
36.2124 1 0.0240084 0.0051796 0.211587 0.017553
36.2916 1 0.0143682 0.00595798 0.270875 0.0562802
36.3708 1 0.0593905 0.00593478 0.303245 0.0400724
36.4501 1 0.0253436 0.000247724 0.0773851 0.0397771
36.5293 1 0.0324434 0.00655398 0.30728 0.0361756
36.6086 1 0.163264 0.00823174 0.378975 0.0820518
36.6878 1 0.118901 0.00484222 0.0739671 0.102278
36.767 1 0.0470648 0.00235094 0.104705 0.0270736
36.8463 1 0.0520556 0.00927133 0.445751 0.0460048
36.9255 1 0.120867 0.0131476 0.706551 0.0576465
37.0048 1 0.163498 0.0116595 0.561048 0.0243809
37.084 1 0.0393818 0.00909529 0.450272 0.0174966
37.1632 1 0.0839576 0.00603261 0.238879 0.0516916
37.2425 1 0.037676 0.00206495 0.0497433 0.0601016
37.3217 1 0.0413945 0.0121864 0.606917 0.0359988
37.4009 1 0.183413 0.00877414 0.300463 0.224534
37.4802 1 0.00966038 0.00875 0.43836 0.0701211
37.5594 1 0.0431495 0.00540693 0.254943 0.0387713
37.6387 1 0.0231704 0.0118099 0.554497 0.111428
37.7179 1 0.370777 0.0712246 3.44533 0.144412
37.7971 1 0.0973889 0.00655692 0.306314 0.110305
37.8764 1 0.12048 0.00615023 0.441394 0.113353
37.9556 1 0.0430065 0.0100516 0.577355 0.0769719
38.0349 1 0.127642 0.0154508 0.765942 0.112911
38.1141 1 0.21886 0.0149643 0.713344 0.338402
38.1933 1 0.10387 0.00575249 0.174017 0.0972778
38.2726 1 0.116626 0.0057121 0.345355 0.0677637
38.3518 1 0.041799 0.00668627 0.324639 0.0373232
38.4311 1 0.0444977 0.00118862 0.0345955 0.0345212
38.5103 1 0.0204601 0.0305039 1.63416 0.201294
38.5895 1 0.0284942 0.00787165 0.388767 0.0122933
38.6688 1 0.0383058 0.00344001 0.176598 0.00381627
38.748 1 0.111407 0.00356776 0.0412697 0.0925517
38.8273 1 0.137065 0.00458901 0.196594 0.0457953
38.9065 1 0.029367 0.0035322 0.206778 0.03143
38.9857 1 0.0435924 0.0059197 0.315795 0.017487
39.065 1 0.029081 0.00333825 0.165627 0.00479416
39.1442 1 0.0442964 0.00568868 0.277284 0.0149561
39.2235 1 0.0380491 0.000566709 0.0537654 0.0261652
39.3027 1 0.0116586 0.00305376 0.149131 0.0213945
39.3819 1 0.0311609 0.00253114 0.132819 0.00916353
39.4612 1 0.0890554 0.00701709 0.345594 0.0716321
39.5404 1 0.0449607 0.00151422 0.0693226 0.0141089
39.6196 1 0.12636 0.00325771 0.127712 0.0339037
39.6989 1 0.0358197 0.00567284 0.345885 0.00854533
39.7781 1 0.00420307 0.00366429 0.253691 0.0240133
39.8574 1 0.0460037 0.00421401 0.247009 0.00992113
39.9366 1 0.0303891 0.00142817 0.12325 0.00616592
40.0158 1 0.043468 0.00474931 0.295698 0.0140265
40.0951 1 0.0360223 0.00117205 0.0841992 0.00470909
40.1743 1 0.0886234 0.00181086 0.138375 0.0178911
40.2536 1 0.0279997 0.0017281 0.179513 0.0155104
40.3328 1 0.0515732 0.00363693 0.222985 0.00367995
40.412 1 0.0493032 0.00343195 0.189338 0.0071473
40.4913 1 0.048924 0.00446717 0.233803 0.0169401
40.5705 1 0.0374888 0.0025385 0.137876 0.00190787
40.6498 1 0.0445447 0.00118297 0.0708447 0.00337557
40.729 1 0.0397647 0.00140617 0.0919468 0.00422017
40.8082 1 0.0221107 0.000365482 0.0416325 0.00187622
40.8875 1 0.0510528 0.00263998 0.146969 0.00411937
40.9667 1 0.0373874 0.000477412 0.0431311 0.0023723
41.046 1 0.0369348 0.00059923 0.0460588 0.0013279
41.1252 1 0.0367425 0.0029593 0.162072 0.00210266
41.2044 1 0.061548 0.00235438 0.136118 0.00412464
41.2837 1 0.0330957 0.00179502 0.10532 0.00102264
41.3629 1 0.0227004 0.0022896 0.130994 0.00265572
41.4422 1 0.0276467 0.00196797 0.119925 9.87088e-05
41.5214 1 0.0165499 0.0019232 0.107291 0.00156431
41.6006 1 0.0246426 0.00278685 0.155472 0.00090543
41.6799 1 0.0250091 0.00132267 0.0730053 0.000888744
41.7591 1 0.0215204 0.00223441 0.135605 6.86415e-05
41.8383 1 0.0323875 0.0016362 0.103158 0.000758049
41.9176 1 0.0255977 0.00222577 0.137536 0.000131406
41.9968 1 0.0211086 0.00354406 0.219525 0.0002153
42.0761 1 0.021656 0.00130396 0.0790806 1.91109e-05
42.1553 1 0.0231476 0.00110643 0.069194 5.13322e-05
42.2345 1 0.0160479 0.00109786 0.0767255 0.000212404
42.3138 1 0.0177943 0.0032093 0.186488 0.000441467
42.393 1 0.0284846 0.00093509 0.0632149 6.71966e-05
42.4723 1 0.0256402 0.0019307 0.121677 0.000324697
42.5515 1 0.027498 0.00127291 0.0774481 0.000224093
42.6307 1 0.0255675 0.00202009 0.119855 0.000575555
42.71 1 0.0277205 0.00357082 0.230665 0.0017956
42.7892 1 0.0274839 0.00163698 0.103674 0.000785108
42.8685 1 0.0335194 0.000912957 0.0543429 0.000764496
42.9477 1 0.0285024 0.00186529 0.109091 0.000100273
43.0269 1 0.0146614 0.000785499 0.0495995 0.00238307
43.1062 1 0.0111468 0.00146322 0.106676 0.00167879
43.1854 1 0.0230533 0.00197363 0.112551 0.00108439
43.2647 1 0.0287072 0.00167912 0.0980617 0.000489264
43.3439 1 0.033026 0.00184986 0.115198 0.00159291
43.4231 1 0.0337898 0.00229525 0.114503 0.00276012
43.5024 1 0.0252321 0.00279306 0.15105 0.0046341
43.5816 1 0.0426051 0.000579573 0.0157538 0.000114507
43.6609 1 0.0374051 0.0031304 0.170253 0.00546154
43.7401 1 0.0373351 0.00220837 0.105322 0.00193662
43.8193 1 0.0364194 0.00333005 0.200494 0.00448184
43.8986 1 0.0388562 0.00622443 0.376508 0.0117533
43.9778 1 0.0251984 0.0020215 0.103827 0.00763939
44.057 1 0.00405328 0.00940173 0.51022 0.0220534
44.1363 1 0.0495869 0.0111411 0.673742 0.0114257
44.2155 1 0.0273401 0.00062749 0.040855 0.00923131
44.2948 1 0.0543736 0.0105205 0.539926 0.0368451
44.374 1 0.0320037 0.00484801 0.305695 0.0349775
44.4532 1 0.0208415 0.00268262 0.113552 0.0213896
44.5325 1 0.0255459 0.000998272 0.0754897 0.00665475
44.6117 1 0.0263005 0.00204917 0.116423 0.0031889
44.691 1 0.0321847 0.0140422 0.825008 0.0310717
44.7702 1 0.200694 0.0191299 1.38656 0.0890672
44.8494 1 0.0851379 0.00756015 0.555805 0.0393711
44.9287 1 0.0216285 0.00263855 0.127679 0.020401
45.0079 1 0.0453881 0.00416673 0.23741 0.0114771
45.0872 1 0.0491438 0.00759708 0.411553 0.0155896
45.1664 1 0.0527193 0.0124786 0.710014 0.0132182
45.2456 1 0.0423081 0.0059071 0.481568 0.0313459
45.3249 1 0.118173 0.0094266 0.572079 0.0153071
45.4041 1 0.0270532 0.00328758 0.157715 0.0116457
45.4834 1 0.0264848 0.00237983 0.132913 0.0302174
45.5626 1 0.0595455 0.00967796 0.471821 0.0350427
45.6418 1 0.0487225 0.00391289 0.20881 0.0170536
45.7211 1 0.058879 0.00275286 0.130463 0.0349549
45.8003 1 0.0449731 0.00181819 0.150049 0.0346225
45.8796 1 0.0562229 0.00344375 0.160575 0.020678
45.9588 1 0.0226983 0.00141625 0.158162 0.0169515
46.038 1 0.0219588 0.0163182 0.847507 0.196162
46.1173 1 0.0350293 0.00319225 0.157931 0.00803983
46.1965 1 0.0326584 0.0107453 0.588128 0.0146263
46.2757 1 0.0279386 0.00184981 0.103736 0.00758047
46.355 1 0.0397053 0.0203661 1.06719 0.0367939
46.4342 1 0.0522978 0.00386036 0.195523 0.0229123
46.5135 1 0.0393538 0.00561378 0.286709 0.00658721
46.5927 1 0.0362772 0.00312662 0.129524 0.0106039
46.6719 1 0.0521906 0.00371323 0.217721 0.0396278
46.7512 1 0.0907013 0.00362941 0.165435 0.0278132
46.8304 1 0.0847263 0.00954239 0.455622 0.0636183
46.9097 1 0.0412264 0.0041096 0.255122 0.00739089
46.9889 1 0.0690317 0.00593996 0.298986 0.00561251
47.0681 1 0.0232408 0.00467837 0.151287 0.0379849
47.1474 1 0.0410918 0.00500882 0.254024 0.0131859
47.2266 1 0.0330532 0.0116925 0.634566 0.020044
47.3059 1 0.044938 0.00458616 0.235282 0.0100809
47.3851 1 0.14178 0.0304524 2.00774 0.307643
47.4643 1 0.0177131 0.00541705 0.2628 0.0460933
47.5436 1 0.0229482 0.0113347 0.539316 0.0448174
47.6228 1 0.0451349 0.00963384 0.52164 0.0236273
47.7021 1 0.0363574 0.015787 0.849487 0.0461618
47.7813 1 0.0413622 0.00368171 0.238429 0.0174666
47.8605 1 0.0581189 0.00594217 0.255746 0.040167
47.9398 1 0.0542988 0.00265818 0.120238 0.00768483
48.019 1 0.0627448 0.00611079 0.329179 0.0166648
48.0983 1 0.045265 0.00565072 0.291715 0.0164349
48.1775 1 0.0352821 0.0100256 0.521169 0.00446841
48.2567 1 0.0365687 0.00384495 0.169336 0.025817
48.336 1 0.0879102 0.0211513 0.951979 0.0556255
48.4152 1 0.0629379 0.00670497 0.299583 0.0263818
48.4944 1 0.0322322 0.00601461 0.287656 0.00882618
48.5737 1 0.472075 0.124735 6.28292 0.0825889
48.6529 1 0.0335207 0.000867855 0.0312525 0.0245722
48.7322 1 0.0375325 0.00178286 0.0883107 0.00374989
48.8114 1 0.0591762 0.00622378 0.288476 0.014836
48.8906 1 0.0318528 0.00399122 0.209168 0.00343272
48.9699 1 0.109964 0.0276435 1.25474 0.108778
49.0491 1 0.112159 0.00265981 0.188093 0.0608775
49.1284 1 0.0280686 0.00364665 0.152467 0.0241884
49.2076 1 0.0479507 0.00113417 0.046339 0.0072726
49.2868 1 0.0311898 0.00452522 0.217954 0.0374872
49.3661 1 0.080525 0.0056686 0.479155 0.0355384
49.4453 1 0.0979364 0.0217015 1.11773 0.0531761
49.5246 1 0.0289487 0.0019755 0.0562631 0.00785272
49.6038 1 0.00562477 0.000753173 0.0457557 0.0166789
49.683 1 0.0504276 0.00537379 0.22315 0.0201335
49.7623 1 0.0370431 0.00384716 0.153673 0.0458932
49.8415 1 0.0762376 0.0158361 0.826497 0.0212448
49.9208 1 0.0368316 0.00539704 0.253406 0.00681746
50 1 0.0568278 0.00519666 0.24004 0.0111858
50.0792 1 0.0386332 0.00490282 0.203587 0.033426
50.1585 1 0.0166764 0.00349289 0.157195 0.0181668
50.2377 1 0.0303295 0.00903964 0.449702 0.00704855
50.317 1 0.0527652 0.0187116 0.799726 0.0631399
50.3962 1 0.0146468 0.005456 0.290609 0.0034219
50.4754 1 0.023195 0.00170757 0.161431 0.0166942
50.5547 1 0.010084 0.00340174 0.141611 0.0157603
50.6339 1 0.100574 0.0163313 0.730765 0.0751468
50.7132 1 0.0547442 0.00623049 0.307571 0.0273943
50.7924 1 0.0144666 0.00525476 0.224073 0.023473
50.8716 1 0.0776013 0.015848 0.79598 0.0272614
50.9509 1 0.0224264 0.00414007 0.318262 0.0112517
51.0301 1 0.0405584 0.00520684 0.20746 0.0326002
51.1093 1 0.0490142 0.00131816 0.197385 0.0170568
51.1886 1 0.00998408 0.00273574 0.0892337 0.0184499
51.2678 1 0.0570268 0.00177723 0.174645 0.0366796
51.3471 1 0.0468911 0.00660992 0.332988 0.0135617
51.4263 1 0.0248638 0.0078826 0.356876 0.0177516
51.5055 1 0.0386341 0.0170193 0.961804 0.00593386
51.5848 1 0.0319067 0.00359107 0.170055 0.00635517
51.664 1 0.0379201 0.00444412 0.185734 0.00709883
51.7433 1 0.0509118 0.00146431 0.2897 0.0127148
51.8225 1 0.0336225 0.00129701 0.0690446 0.00649322
51.9017 1 0.0226408 0.0150457 0.75334 0.00598481
51.981 1 0.00841078 0.00396104 0.20792 0.00280969
52.0602 1 0.0196469 0.00745781 0.407122 0.00392904
52.1395 1 0.051806 0.00430047 0.146369 0.00773392
52.2187 1 0.0664802 0.00274929 0.188476 0.00277016
52.2979 1 0.0267617 0.00564975 0.294659 0.00188111
52.3772 1 0.0331293 0.00331458 0.152125 0.00223083
52.4564 1 0.0208664 0.00194943 0.168508 0.000826798
52.5357 1 0.0147309 0.0019639 0.0913887 0.00034363
52.6149 1 0.0168258 0.00508764 0.268306 1.8774e-05
52.6941 1 0.0195193 0.00646451 0.358264 0.000407265
52.7734 1 0.00400277 0.00477303 0.267382 0.00019151
52.8526 1 0.028953 0.00457072 0.287694 0.000945951
52.9319 1 0.182991 0.0430252 2.02028 0.0110151
53.0111 1 0.0189477 0.00177315 0.0949769 0.000343379
53.0903 1 0.0178419 0.00268094 0.1442 0.00162379
53.1696 1 0.00892436 0.00203307 0.0908976 0.00203992
53.2488 1 0.0264914 0.00226656 0.12251 0.00154828
53.328 1 0.0254688 0.00358056 0.165981 0.00260952
53.4073 1 0.147322 0.0140632 0.67939 0.0124344
53.4865 1 0.0291384 0.0159447 0.899831 0.00818758
53.5658 1 0.0173994 0.00289956 0.136765 0.00367184
53.645 1 0.0244819 0.00282613 0.146229 0.0017855
53.7242 1 0.0634193 0.00680745 0.48104 0.0033239
53.8035 1 0.0937099 0.011234 0.862268 0.0243919
53.8827 1 0.0313681 0.0042641 0.306109 0.00384225
53.962 1 0.0206401 0.00662266 0.376073 0.00323497
54.0412 1 0.0158138 0.00442634 0.253189 0.00269697
54.1204 1 0.0895142 0.0143385 1.0286 0.0085106
54.1997 1 0.0157602 0.00124507 0.0781372 0.00893767
54.2789 1 0.0176151 0.00071929 0.0181381 0.00201017
54.3582 1 0.0183523 0.00556034 0.303065 0.014028
54.4374 1 0.129047 0.00326229 0.00445053 0.0269437
54.5166 1 0.00860345 0.00259703 0.174407 0.00817604
54.5959 1 0.0107278 0.0124745 0.714265 0.0117147
54.6751 1 0.0306153 0.00175896 0.153184 0.0142797
54.7544 1 0.112936 0.0231017 1.34479 0.0304022
54.8336 1 0.0139935 0.00593808 0.319253 0.0182887
54.9128 1 0.0529684 0.0143927 0.879051 0.0071733
54.9921 1 0.00174061 0.00262023 0.157638 0.0117729
55.0713 1 0.0491895 0.00448745 0.240544 0.00167203
55.1506 1 0.0705467 0.0103341 0.553456 0.0266791
55.2298 1 0.0140146 0.00115829 0.0865584 0.0090338
55.309 1 0.00967965 0.0014966 0.141914 0.0239195
55.3883 1 0.0194576 0.000924722 0.0457924 0.00137934
55.4675 1 0.0636064 0.00469603 0.273481 0.0102449
55.5467 1 0.0806587 0.00699954 0.376707 0.0134575
55.626 1 0.0182434 0.0027711 0.159239 0.00329087
55.7052 1 0.013814 0.00602555 0.337593 0.00578519
55.7845 1 0.120075 0.0105414 0.57145 0.0189619
55.8637 1 0.0518886 0.00523233 0.321601 0.0290254
55.9429 1 0.0301745 0.00605135 0.366897 0.00599883
56.0222 1 0.0831085 0.00155678 0.12066 0.0153918
56.1014 1 0.0327332 0.00215848 0.138175 0.00350102
56.1807 1 0.0683374 0.00423772 0.251216 0.00715537
56.2599 1 0.0393211 0.0018307 0.135029 0.0101084
56.3391 1 0.0340475 0.00176729 0.0870718 0.00496994
56.4184 1 0.0587188 0.00703557 0.443827 0.0151727
56.4976 1 0.0477977 0.00569414 0.326379 0.00907562
56.5769 1 0.0254017 0.00411608 0.244401 0.0026856
56.6561 1 0.0483353 0.0033821 0.225761 0.0140778
56.7353 1 0.0883581 0.00322993 0.159847 0.00967858
56.8146 1 0.0579694 0.0045581 0.293842 0.00690483
56.8938 1 0.0115675 0.00345704 0.231459 0.0098459
56.9731 1 0.0460118 0.00372345 0.241609 0.00911217
57.0523 1 0.0536466 0.0013431 0.0890496 0.00683496
57.1315 1 0.0346506 0.00440324 0.263841 0.00719151
57.2108 1 0.10226 0.00605205 0.3242 0.0415353
57.29 1 0.0553482 0.00985892 0.551917 0.0323031
57.3693 1 0.0156054 0.00136305 0.0920607 0.00413986
57.4485 1 0.0126845 0.00105945 0.0740744 0.0045942
57.5277 1 0.0387408 0.00163416 0.0821508 0.00645015
57.607 1 0.0110455 0.00171086 0.142264 0.00795487
57.6862 1 0.0149361 0.00155556 0.0942474 0.00786745
57.7654 1 0.0195409 0.00501862 0.281447 0.0157393
57.8447 1 0.0362471 0.00726689 0.399699 0.0195317
57.9239 1 0.0476451 0.00301595 0.136975 0.0110636
58.0032 1 0.0302116 0.00369278 0.237849 0.00798966
58.0824 1 0.0372481 0.00172586 0.0988087 0.0074555
58.1616 1 0.0153406 0.00629499 0.361697 0.0114634
58.2409 1 0.068526 0.00246526 0.182209 0.0119681
58.3201 1 0.0327639 0.0037025 0.242657 0.0265772
58.3994 1 0.0244104 0.00240758 0.129044 0.00767158
58.4786 1 0.0147986 0.00396128 0.226783 0.00827459
58.5578 1 0.0478089 0.0033122 0.179779 0.00301011
58.6371 1 0.123602 0.00935272 0.498808 0.0457032
58.7163 1 0.0350414 0.00179712 0.0884729 0.0132216
58.7956 1 0.029858 0.00360169 0.205506 0.0270938
58.8748 1 0.0321675 0.00514451 0.309206 0.00685493
58.954 1 0.0693167 0.00478756 0.314099 0.00988969
59.0333 1 0.0520088 0.00487502 0.262355 0.0105088
59.1125 1 0.0416413 0.00365053 0.273408 0.02755
59.1918 1 0.0231948 0.00512405 0.291628 0.0143861
59.271 1 0.0537872 0.00859358 0.466257 0.0475068
59.3502 1 0.0416418 0.00351133 0.179661 0.00650835
59.4295 1 0.0986789 0.00843694 0.418253 0.0340665
59.5087 1 0.0031423 0.00458915 0.218146 0.00988722
59.588 1 0.0456547 0.0214952 1.15796 0.0866081
59.6672 1 0.0283298 0.00939685 0.50182 0.0205552
59.7464 1 0.053976 0.00760637 0.41547 0.0251905
59.8257 1 0.126956 0.00843524 0.404088 0.0336056
59.9049 1 0.101036 0.0468029 2.62841 0.12053
59.9841 1 0.0508676 0.00551973 0.273067 0.0507639
60.0634 1 0.0872614 0.00697116 0.349194 0.0128495
60.1426 1 0.0489768 0.00510623 0.351681 0.00529757
60.2219 1 0.0257082 0.00536318 0.27781 0.0133541
60.3011 1 0.0174291 0.00423489 0.196106 0.00801892
60.3803 1 0.0480361 0.0080357 0.393742 0.0328786
60.4596 1 0.0321057 0.0053821 0.252025 0.0220061
60.5388 1 0.114369 0.0067904 0.277062 0.0145754
60.6181 1 0.0864742 0.00912447 0.423757 0.0226017
60.6973 1 0.00866715 0.00799279 0.444756 0.0265068
60.7765 1 0.0106207 0.00475736 0.304785 0.0110497
60.8558 1 0.0271547 0.0011565 0.13876 0.0224517
60.935 1 0.0112742 0.00219575 0.101838 0.00541356
61.0143 1 0.0111835 0.0059427 0.308137 0.0173847
61.0935 1 0.00925798 0.000982737 0.0335384 0.0109573
61.1727 1 0.0731619 0.00616375 0.233581 0.0327532
61.252 1 0.0535693 0.0234987 1.22221 0.0060166
61.3312 1 0.0449887 0.00738797 0.359491 0.0299913
61.4105 1 0.047085 0.00450814 0.214588 0.00108147
61.4897 1 0.134941 0.0235581 1.18194 0.00975003
61.5689 1 0.0355738 0.00939876 0.489641 0.0140331
61.6482 1 0.031576 0.00862095 0.46913 0.0120238
61.7274 1 0.034977 0.015024 0.830482 0.0309602
61.8067 1 0.112598 0.0125394 0.574633 0.0236073
61.8859 1 0.0185616 0.00480294 0.248332 0.00752434
61.9651 1 0.0407548 0.00245506 0.103769 0.00901434
62.0444 1 0.0283742 0.0169979 0.8364 0.0252107
62.1236 1 0.0428483 0.00619236 0.097991 0.0612191
62.2028 1 0.0673371 0.00540807 0.280494 0.00383118
62.2821 1 0.0604989 0.00646103 0.258975 0.00404185
62.3613 1 0.0697913 0.00579199 0.289412 0.0073106
62.4406 1 0.0589197 0.00826146 0.487105 0.00155627
62.5198 1 0.0318126 0.00397997 0.214761 0.00545562
62.599 1 0.0150483 0.0108739 0.577982 0.00532856
62.6783 1 0.33373 0.0538755 2.60899 0.014813
62.7575 1 0.0713803 0.00794477 0.43796 0.00386973
62.8368 1 0.010646 0.00159162 0.0343077 0.00135092
62.916 1 0.0488272 0.00341249 0.15648 0.00233792
62.9952 1 0.0590842 0.0065076 0.346977 0.0013085
63.0745 1 0.0182397 0.0056484 0.269935 0.00149233
63.1537 1 0.00214221 0.00486229 0.219085 3.46932e-05
63.233 1 0.0255659 0.00620466 0.493205 0.000635246
63.3122 1 0.00582095 0.00703967 0.229593 0.00569862
63.3914 1 0.00638417 0.000976985 0.0845793 0.00209734
63.4707 1 0.0447434 0.00103127 0.098855 0.00597578
63.5499 1 0.147966 0.0107012 0.614412 0.00604798
63.6292 1 0.0540876 0.00425362 0.30857 0.00714305
63.7084 1 0.116153 0.0182248 0.850404 0.0302575
63.7876 1 0.0341969 0.00757728 0.39713 0.0108686
63.8669 1 0.0799209 0.000428079 0.149919 0.0116849
63.9461 1 0.0333537 0.011474 0.621376 0.00789273
64.0254 1 0.059419 0.0196083 1.07769 0.0165116
64.1046 1 0.117873 0.0076086 0.40414 0.0184021
64.1838 1 0.0314578 0.00150176 0.0534259 0.00302444
64.2631 1 0.0413855 0.0100684 0.566773 0.00440585
64.3423 1 0.0323168 0.00716341 0.389479 0.00868941
64.4215 1 0.0359099 0.00262845 0.0958223 0.00609612
64.5008 1 0.0171021 0.000512216 0.0831454 0.00396691
64.58 1 0.0587147 0.0105059 0.533003 0.00462957
64.6593 1 0.0866012 0.00726877 0.415336 0.014123
64.7385 1 0.0246534 0.00540457 0.297385 0.00383168
64.8177 1 0.0234081 0.0170728 0.88432 0.0344363
64.897 1 0.0473975 0.00568061 0.288592 0.0197736
64.9762 1 0.00814937 0.00206829 0.0916178 0.00925785
65.0555 1 0.0315961 0.0152843 0.848438 0.0271576
65.1347 1 0.103344 0.011943 0.605032 0.00835617
65.2139 1 0.0963762 0.00894305 0.425053 0.0313087
65.2932 1 0.0934631 0.0268248 1.02486 0.0976579
65.3724 1 0.0515411 0.00689528 0.358238 0.0270665
65.4517 1 0.0263716 0.00452857 0.211094 0.0196471
65.5309 1 0.0355772 0.00163332 0.0380259 0.0159626
65.6101 1 0.0754935 0.00893483 0.456741 0.0410022
65.6894 1 0.0140498 0.00674103 0.350351 0.0105005
65.7686 1 0.0229128 0.00374026 0.189778 0.0113272
65.8479 1 0.0583086 0.0120909 0.647781 0.0238554
65.9271 1 0.0997052 0.01062 0.501915 0.0491633
66.0063 1 0.0757704 0.0111634 0.628964 0.0469672
66.0856 1 0.0898185 0.000428357 0.134303 0.0231888
66.1648 1 0.0509054 0.00457387 0.201051 0.0374437
66.2441 1 0.038112 0.00048221 0.0238665 0.00922206
66.3233 1 0.164979 0.0226047 1.26963 0.0150363
66.4025 1 0.345424 0.0448722 2.51803 0.133048
66.4818 1 0.130989 0.0213585 1.09173 0.0835698
66.561 1 0.0296497 0.00828814 0.456838 0.0477694
66.6402 1 0.052195 0.00977963 0.510396 0.0287166
66.7195 1 0.0785735 0.00355221 0.176778 0.0230062
66.7987 1 0.022241 0.00268839 0.130982 0.0234313
66.878 1 0.247447 0.0193057 0.978539 0.0495509
66.9572 1 0.0577112 0.00320276 0.172682 0.0110178
67.0364 1 0.369198 0.0149777 0.754962 0.062665
67.1157 1 0.00967831 0.010639 0.610791 0.0282286
67.1949 1 0.0201962 0.00155037 0.0876953 0.00278642
67.2742 1 0.0635912 0.00967361 0.570789 0.00668505
67.3534 1 0.01984 0.00195731 0.085796 0.00869986
67.4326 1 0.0635557 0.00486166 0.29198 0.0378898
67.5119 1 0.17806 0.0245096 1.42597 0.0542179
67.5911 1 0.0530255 0.00497662 0.190957 0.0131089
67.6704 1 0.215348 0.0113821 0.608372 0.00499878
67.7496 1 0.0566181 0.00244923 0.128206 0.0146582
67.8288 1 0.302225 0.051966 2.89874 0.0232706
67.9081 1 0.360201 0.0273 1.46521 0.0274693
67.9873 1 0.0708255 0.00575087 0.425595 0.00435978
68.0666 1 0.0632295 0.000572567 0.0198642 0.00732688
68.1458 1 0.0416948 0.00272499 0.207527 0.0151432
68.225 1 0.0635837 0.00367409 0.201853 0.0180319
68.3043 1 0.051751 0.00147502 0.108925 0.0201165
68.3835 1 0.108424 0.00859864 0.480099 0.0116784
68.4628 1 0.0553204 0.00792787 0.445771 0.0162841
68.542 1 0.0402139 0.00475785 0.267562 0.0113288
68.6212 1 0.049686 0.00208699 0.188476 0.0109314
68.7005 1 0.0888298 0.0125335 0.706489 0.0356156
68.7797 1 0.0114276 0.0045166 0.24113 0.00669045
68.8589 1 0.870394 0.102997 5.92157 0.220587
68.9382 1 0.0320692 0.00487129 0.295051 0.019321
69.0174 1 0.0126218 0.00488577 0.34709 0.0134582
69.0967 1 0.290039 0.00814975 0.337039 0.0901475
69.1759 1 0.0200404 0.00127398 0.0990363 0.00709685
69.2551 1 0.582759 0.0381565 2.59743 0.110455
69.3344 1 0.074008 0.00135915 0.0598773 0.012166
69.4136 1 0.0326509 0.00312019 0.16283 0.0113797
69.4929 1 0.0809963 0.00164767 0.104266 0.00605653
69.5721 1 0.155433 0.00733478 0.423285 0.00245295
69.6513 1 0.0833748 0.00584574 0.357224 0.0156337
69.7306 1 0.0652771 0.00268583 0.155255 0.00561367
69.8098 1 0.0468309 0.00506203 0.289972 0.0102932
69.8891 1 0.11383 0.00879275 0.528256 0.0179774
69.9683 1 0.0361162 0.000629543 0.0501293 0.00586479
70.0475 1 0.0840214 0.000270712 0.0175794 0.00640248
70.1268 1 0.116871 0.00513838 0.288226 0.00470402
70.206 1 0.0517479 0.00193988 0.130376 0.000626394
70.2853 1 0.0530033 0.00322034 0.206772 0.00442136
70.3645 1 0.0447832 0.0024099 0.119777 0.0122155
70.4437 1 0.0593711 0.00482481 0.289906 0.00461446
70.523 1 0.0603804 0.0002532 0.0256109 0.00571173
70.6022 1 0.0508681 0.00245679 0.133771 0.00624527
70.6815 1 0.0829067 0.00205471 0.145089 0.00503252
70.7607 1 0.051085 0.00389241 0.272937 0.00605601
70.8399 1 0.101381 0.0114811 0.653892 0.0146492
70.9192 1 0.0633394 0.00206682 0.114052 0.00548291
70.9984 1 0.0152343 0.00378496 0.194185 0.0107607
71.0776 1 0.116353 0.00191398 0.0757811 0.00862941
71.1569 1 0.108688 0.00588768 0.354589 0.00398459
71.2361 1 0.128357 0.00436167 0.238267 0.0018894
71.3154 1 0.00773055 0.00313402 0.21908 0.00612741
71.3946 1 0.0868526 0.000668603 0.0447421 0.00550137
71.4738 1 0.0519323 0.00154535 0.0707488 0.00787995
71.5531 1 0.102015 0.00659735 0.399036 0.00675502
71.6323 1 0.125915 0.0043087 0.260654 0.00743753
71.7116 1 0.0262968 0.00273204 0.14429 0.00805271
71.7908 1 0.0368064 0.00462855 0.25688 0.0113158
71.87 1 0.0809681 0.00229167 0.116385 0.00249014
71.9493 1 0.0424822 0.00159236 0.0740432 0.00300053
72.0285 1 0.079866 0.00137061 0.0908441 0.0124181
72.1078 1 0.0413658 0.00160558 0.0789157 0.00381676
72.187 1 0.0579936 0.00898986 0.55826 0.00744803
72.2662 1 0.048126 0.00584422 0.394152 0.0050914
72.3455 1 0.0974279 0.00792959 0.529641 0.00473463
72.4247 1 0.0290252 0.00257537 0.190784 0.008505
72.504 1 0.0536378 0.00255727 0.212937 0.00172802
72.5832 1 0.212717 0.0170291 0.939525 0.0169239
72.6624 1 0.0348129 0.00875182 0.468352 0.0141582
72.7417 1 0.809175 0.0305582 2.01133 0.0555436
72.8209 1 0.0354482 0.00185912 0.106701 0.00157357
72.9002 1 0.0570747 0.00218141 0.113393 0.00388369
72.9794 1 0.0924937 0.00306353 0.126791 0.00533833
73.0586 1 0.0582958 0.00490628 0.275535 0.00212051
73.1379 1 0.0737903 0.0174923 0.911865 0.00378554
73.2171 1 0.0782719 0.00579942 0.269924 0.00272726
73.2963 1 0.046861 0.00787032 0.442181 0.00122654
73.3756 1 0.0563731 0.00551664 0.315539 0.000804877
73.4548 1 0.0106724 0.00847773 0.383322 0.00289335
73.5341 1 0.0910864 0.0123454 0.671226 0.0017898
73.6133 1 0.0292937 0.00336526 0.169469 0.000376654
73.6925 1 0.102525 0.00792013 0.440143 3.26379e-05
73.7718 1 0.0564486 0.0111902 0.66255 3.09249e-05
73.851 1 0.060029 0.0101887 0.513738 0.00248197
73.9303 1 0.10431 0.0212859 1.21197 0.00220107
74.0095 1 0.0107825 0.000727825 0.0390867 0.00175437
74.0887 1 0.0523838 0.00719381 0.354034 0.00272341
74.168 1 0.0790611 0.00770172 0.384361 0.0065877
74.2472 1 0.0563482 0.00191097 0.125796 0.00160026
74.3265 1 0.0420649 0.00473014 0.245557 0.00416743
74.4057 1 0.377963 0.0308182 1.70836 0.0216715
74.4849 1 0.374299 0.0313063 1.87656 0.025701
74.5642 1 0.0705898 0.00530585 0.270547 0.011436
74.6434 1 0.0437673 0.0039961 0.205339 0.00335634
74.7227 1 0.0230239 0.00265429 0.119531 0.000777491
74.8019 1 0.0458675 0.00349095 0.243332 0.00739344
74.8811 1 0.230326 0.0159319 0.834631 0.0314059
74.9604 1 0.134083 0.00458301 0.201796 0.00484551
75.0396 1 0.141314 0.00626785 0.257915 0.0125741
75.1189 1 0.0904451 0.00880511 0.479583 0.01162
75.1981 1 0.0748989 0.0059502 0.317017 0.0062114
75.2773 1 0.0574903 0.00569515 0.29927 0.00960279
75.3566 1 0.0847986 0.0118152 0.648952 0.0104103
75.4358 1 0.0560325 0.00472332 0.255255 0.0160383
75.5151 1 0.178251 0.0254212 1.46033 0.00453601
75.5943 1 0.182757 0.0212461 1.11645 0.0401931
75.6735 1 0.185647 0.007844 0.395266 0.0342605
75.7528 1 0.0831448 0.00261742 0.158024 0.0155014
75.832 1 0.0943805 0.00716361 0.257857 0.0277612
75.9112 1 0.131198 0.00707978 0.32725 0.0407245
75.9905 1 0.200903 0.013044 0.634758 0.0625846
76.0697 1 0.183295 0.00336608 0.288142 0.0521646
76.149 1 0.0590734 0.00178508 0.0354406 0.0182348
76.2282 1 0.0698088 0.00459865 0.220268 0.0247905
76.3074 1 0.120846 0.00462138 0.324287 0.0130418
76.3867 1 0.0450051 0.00410875 0.21072 0.0126654
76.4659 1 0.0896674 0.0104776 0.576831 0.0179434
76.5452 1 0.0482914 0.00171349 0.0594564 0.0154428
76.6244 1 0.0836607 0.00614748 0.326196 0.0385964
76.7036 1 0.127242 0.00592846 0.287788 0.0364152
76.7829 1 0.10846 0.0034266 0.170408 0.0324534
76.8621 1 0.0692286 0.00715523 0.340819 0.0152745
76.9414 1 0.0896109 0.00632503 0.314323 0.0124299
77.0206 1 0.0517961 0.00581303 0.317257 0.0157189
77.0998 1 0.070853 0.0150835 0.822323 0.044091
77.1791 1 0.0476674 0.00464749 0.206928 0.0174166
77.2583 1 0.129921 0.0161503 0.803767 0.0936605
77.3376 1 0.0230622 0.00360774 0.204119 0.0151878
77.4168 1 0.0744992 0.00189934 0.0659609 0.0476956
77.496 1 0.0709122 0.00793061 0.183546 0.117369
77.5753 1 0.128903 0.0101903 0.732967 0.0336577
77.6545 1 0.0669596 0.0180375 1.06031 0.0577151
77.7338 1 0.0246253 0.00893679 0.415759 0.0498532
77.813 1 0.0740973 0.00622926 0.293988 0.00969534
77.8922 1 0.127193 0.00460353 0.32468 0.0136978
77.9715 1 0.0338448 0.00556794 0.228559 0.0321445
78.0507 1 0.111301 0.00280377 0.17412 0.0338079
78.1299 1 1.46977 0.0323049 1.92261 0.301406
78.2092 1 0.0517057 0.0183724 1.04055 0.00760258
78.2884 1 0.0770764 0.0175208 1.07264 0.102109
78.3677 1 0.0585806 0.00455236 0.223337 0.00550434
78.4469 1 0.0407007 0.00313471 0.174107 0.0201724
78.5261 1 0.30347 0.0120572 0.55551 0.0117307
78.6054 1 0.364145 0.0134963 0.687346 0.0784172
78.6846 1 0.102049 0.00897565 0.48149 0.015011
78.7639 1 0.0891699 0.00437642 0.247814 0.0127993
78.8431 1 0.0536536 0.00180623 0.116878 0.00640089
78.9223 1 0.0222552 0.00535209 0.27439 0.0277561
79.0016 1 0.189723 0.00261446 0.288042 0.0722672
79.0808 1 0.0622029 0.0108169 0.636788 0.0524236
79.1601 1 0.0629561 0.00481979 0.25664 0.0138115
79.2393 1 0.123186 0.0181811 0.923492 0.0999491
79.3185 1 0.0730772 0.00947506 0.455116 0.0749995
79.3978 1 0.0669967 0.00199948 0.140123 0.0216269
79.477 1 0.178743 0.0160902 1.10707 0.0159804
79.5563 1 0.116235 0.00461864 0.226842 0.0161364
79.6355 1 0.0118839 0.00468983 0.350499 0.0230157
79.7147 1 0.0425069 0.00144951 0.102391 0.00867607
79.794 1 0.29732 0.0179245 0.933761 0.0199889
79.8732 1 0.0766395 0.011683 0.715191 0.0308207
79.9525 1 0.095391 0.0413405 2.53491 0.197857
80.0317 1 0.0183013 0.00318198 0.171279 0.0136136
80.1109 1 0.0168822 0.00344764 0.240212 0.0112461
80.1902 1 0.0688789 0.00478942 0.210933 0.00521985
80.2694 1 0.10333 0.0105375 0.584286 0.0243837
80.3486 1 0.056176 0.00239443 0.177062 0.0046939
80.4279 1 0.084824 0.0159302 0.872594 0.073444
80.5071 1 0.0535526 0.00112093 0.123974 0.0353579
80.5864 1 0.0463795 0.00492003 0.258927 0.00334445
80.6656 1 0.0171686 0.00529054 0.291599 0.00384154
80.7448 1 0.242523 0.0108148 0.647233 0.169855
80.8241 1 0.0866159 0.00250771 0.288316 0.0372522
80.9033 1 0.0981146 0.00158692 0.088033 0.0254327
80.9826 1 0.0164474 0.00592834 0.317569 0.0226057
81.0618 1 0.0203894 0.00408501 0.192631 0.0186834
81.141 1 0.0395576 0.00762663 0.411691 0.0445859
81.2203 1 0.093326 0.00140557 0.0973479 0.0242731
81.2995 1 0.0355056 0.00322379 0.129106 0.0176616
81.3788 1 0.129747 0.00920741 0.540944 0.0153987
81.458 1 0.0566017 0.0133873 0.736791 0.0273831
81.5372 1 0.0435098 0.00557613 0.345777 0.0262585
81.6165 1 0.0638357 0.00571061 0.316467 0.00290063
81.6957 1 0.00859791 0.00205053 0.149929 0.00887932
81.775 1 0.0505218 0.00260614 0.152778 0.0139373
81.8542 1 0.0496628 0.0015875 0.0394566 0.0269127
81.9334 1 0.03107 0.00108005 0.207469 0.0258595
82.0127 1 0.0590719 0.000996738 0.0642018 0.00880389
82.0919 1 0.0513337 0.00583991 0.405946 0.00953054
82.1712 1 0.533337 0.0399437 2.72289 0.0467076
82.2504 1 0.0425845 0.00501157 0.253372 0.00623252
82.3296 1 0.098184 0.00551722 0.300621 0.0162675
82.4089 1 0.0812758 0.00850382 0.419547 0.0463811
82.4881 1 0.0911763 0.00939428 0.525208 0.0126677
82.5673 1 0.0373976 0.00534689 0.296213 0.0055443
82.6466 1 0.0103096 0.00646621 0.337293 0.014978
82.7258 1 0.0621029 0.000873136 0.0514381 0.0053638
82.8051 1 0.236083 0.00722445 0.599284 0.0446694
82.8843 1 0.118449 0.00328306 0.178669 0.00830765
82.9635 1 0.0311785 0.00885174 0.454619 0.00890133
83.0428 1 0.0170903 0.00134851 0.0638987 0.00203383
83.122 1 0.0321461 0.00366365 0.18784 0.00115387
83.2013 1 0.0517635 0.00116495 0.109022 0.00575358
83.2805 1 0.109864 0.0049203 0.360163 0.00558404
83.3597 1 0.100612 0.00254839 0.11354 0.00222573
83.439 1 0.0396146 0.00371795 0.213607 0.00348444
83.5182 1 0.181431 0.00799777 0.442822 0.00174481
83.5975 1 0.139965 0.010374 0.61288 0.00324722
83.6767 1 0.316832 0.0185362 1.03499 0.00741023
83.7559 1 0.0454932 0.00588699 0.377741 0.000723969
83.8352 1 0.124485 0.00849598 0.484401 0.00176255
83.9144 1 0.181074 0.00950491 0.570152 0.00203783
83.9937 1 0.0888898 0.0143161 0.819519 0.00385151
84.0729 1 0.0652251 0.00511254 0.350443 0.000255487
84.1521 1 0.20159 0.0063951 0.354956 7.7916e-05
84.2314 1 0.12335 0.00522142 0.298885 8.79997e-05
84.3106 1 0.115885 0.0121945 0.843195 0.000494116
84.3899 1 0.0273106 0.011985 0.743926 0.00172902
84.4691 1 0.233032 0.0210544 1.24937 0.00413008
84.5483 1 0.0677325 0.00586552 0.337065 0.000838649
84.6276 1 0.364696 0.0180163 0.958261 0.00992322
84.7068 1 0.0351303 0.00482648 0.2445 0.00302346
84.786 1 0.958737 0.0454035 3.31665 0.0324826
84.8653 1 0.19192 0.00655999 0.337292 0.00494688
84.9445 1 0.117349 0.00319665 0.166005 0.00186113
85.0238 1 0.083393 0.0046484 0.253924 0.00474206
85.103 1 0.144359 0.0162486 0.918917 0.014099
85.1822 1 0.244941 0.0091186 0.506796 0.00280393
85.2615 1 0.0415417 0.00346393 0.195208 0.00243682
85.3407 1 0.0525722 0.00101998 0.0816463 0.002292
85.42 1 0.229637 0.0209559 1.53211 0.070027
85.4992 1 0.110638 0.013371 0.762472 0.00703123
85.5784 1 0.0446132 0.00403449 0.244021 0.0025294
85.6577 1 0.0367551 0.00144995 0.11521 0.000323374
85.7369 1 0.228711 0.00557246 0.307872 0.0112778
85.8162 1 0.0826193 0.0100721 0.532571 0.00748724
85.8954 1 0.0803522 0.0112235 0.743225 0.0373743
85.9746 1 0.0871862 0.00884871 0.614044 0.0213196
86.0539 1 0.0219853 0.00482676 0.277203 0.0108884
86.1331 1 0.0598557 0.0118905 0.693373 0.00555433
86.2124 1 0.0262 0.00951512 0.52088 0.0100689
86.2916 1 0.26568 0.000915512 0.237497 0.0427867
86.3708 1 0.137236 0.0182011 1.1202 0.0405675
86.4501 1 0.0424221 0.00521193 0.303635 0.00345328
86.5293 1 0.0454203 0.0019513 0.0806052 0.00568288
86.6086 1 0.0570783 0.00619225 0.411003 0.0094362
86.6878 1 0.106161 0.0178704 1.03 0.030514
86.767 1 0.0653675 0.00522658 0.26746 0.00467525
86.8463 1 0.0304932 0.00337202 0.168575 0.00901802
86.9255 1 0.0529741 0.00244964 0.228567 0.00612425
87.0047 1 0.0628455 0.00658757 0.369306 0.0210685
87.084 1 0.0250549 0.003932 0.210628 0.00886252
87.1632 1 0.0335122 0.0035448 0.247255 0.00778754
87.2425 1 0.0681505 0.0132769 0.71188 0.0389216
87.3217 1 0.0137874 0.0122892 0.68817 0.0335122
87.4009 1 0.0683208 0.0108241 0.783551 0.0081005
87.4802 1 0.0134884 0.0027863 0.152389 0.0156686
87.5594 1 0.0730521 0.00396774 0.193148 0.0314473
87.6387 1 0.0608908 0.00134099 0.0828656 0.00408761
87.7179 1 0.10456 0.0098424 0.586416 0.0214619
87.7971 1 0.0880793 0.0104641 0.581964 0.0328939
87.8764 1 0.0564166 0.00282926 0.213127 0.00568015
87.9556 1 0.0423265 0.00490255 0.379054 0.0264979
88.0349 1 0.0521245 0.00618564 0.360957 0.0393593
88.1141 1 0.0887399 0.00272343 0.243892 0.0125854
88.1933 1 0.0774089 0.00922561 0.516957 0.0345107
88.2726 1 0.0859736 0.00688372 0.387509 0.011166
88.3518 1 0.0353533 0.00295137 0.165314 0.018132
88.4311 1 0.0133431 0.00321987 0.143667 0.0262458
88.5103 1 0.0510873 0.00636362 0.332268 0.00921951
88.5895 1 0.0240935 0.00694494 0.366408 0.0226582
88.6688 1 0.0625539 0.00624283 0.355978 0.00395943
88.748 1 0.0273756 0.000848187 0.0540486 0.0164922
88.8273 1 0.0140291 0.000483499 0.0328739 0.00881483
88.9065 1 0.0268081 0.00347234 0.164068 0.0299726
88.9857 1 0.0645014 0.00628115 0.334639 0.0250122
89.065 1 0.045364 0.00769004 0.469006 0.0388044
89.1442 1 0.0192421 0.00534807 0.274582 0.00903505
89.2234 1 0.0429925 0.00152196 0.0532178 0.0163451
89.3027 1 0.0409682 0.00226507 0.115262 0.00607019
89.3819 1 0.00699863 0.00978262 0.561139 0.0311071
89.4612 1 0.118227 0.00251663 0.142041 0.0855891
89.5404 1 0.199321 0.0135918 0.690341 0.0802172
89.6196 1 0.031801 0.000924897 0.124023 0.0126739
89.6989 1 0.0387641 0.008361 0.511697 0.0447616
89.7781 1 0.0387364 0.00571398 0.270024 0.0384168
89.8574 1 0.0522148 0.0110498 0.609278 0.05561
89.9366 1 0.0763592 0.00704042 0.357033 0.0277865
90.0158 1 0.0593136 0.00809529 0.478664 0.0238447
90.0951 1 0.0233046 0.00538205 0.288565 0.00747527
90.1743 1 0.164697 0.0134794 0.706485 0.0379228
90.2536 1 0.0245212 0.00911463 0.546754 0.0289225
90.3328 1 0.112409 0.00999111 0.596978 0.0401568
90.412 1 0.1221 0.00852253 0.386754 0.052612
90.4913 1 0.0408681 0.00268517 0.162735 0.0197263
90.5705 1 0.0620072 0.0129903 0.715949 0.0346698
90.6498 1 0.0772912 0.0161149 0.831392 0.0882226
90.729 1 0.0627932 0.00680023 0.358323 0.0145368
90.8082 1 0.048757 0.00208458 0.10471 0.0303876
90.8875 1 0.107175 0.00644667 0.426533 0.0727752
90.9667 1 0.0152875 0.00365793 0.164686 0.0199624
91.046 1 0.0585916 0.0257011 1.37043 0.0522744
91.1252 1 0.130757 0.00422109 0.165492 0.0168438
91.2044 1 0.0385776 0.00219914 0.0759017 0.031098
91.2837 1 0.0416292 0.0106779 0.592979 0.0145021
91.3629 1 0.182777 0.0842007 4.57868 0.0804651
91.4421 1 0.0416669 0.0132883 0.700021 0.0159971
91.5214 1 0.0456346 0.0173756 1.00663 0.0558485
91.6006 1 0.0457989 0.00587504 0.26255 0.0613691
91.6799 1 0.0119752 0.00139359 0.139791 0.0085306
91.7591 1 0.0264969 0.00531837 0.339498 0.0124302
91.8383 1 0.0212163 0.00404938 0.245424 0.0135749
91.9176 1 0.0165515 0.00348603 0.169143 0.0156044
91.9968 1 0.100664 0.0230402 1.22878 0.0843386
92.0761 1 0.048282 0.0071616 0.396294 0.0239387
92.1553 1 0.0653311 0.00389839 0.21087 0.00311263
92.2345 1 0.109754 0.010584 0.496982 0.0721341
92.3138 1 0.0381968 0.00301776 0.145874 0.00636597
92.393 1 0.0624414 0.00784246 0.525331 0.031642
92.4723 1 0.0246866 0.00379093 0.165238 0.0245836
92.5515 1 0.0348659 0.000716232 0.0310875 0.0189189
92.6307 1 0.106542 0.00604488 0.228046 0.0578239
92.71 1 0.0657167 0.0115844 0.566726 0.0329864
92.7892 1 0.0158133 0.00552414 0.310208 0.0104028
92.8685 1 0.064977 0.00279675 0.172417 0.00541534
92.9477 1 0.149607 0.014668 0.798668 0.0333533
93.0269 1 0.0882089 0.00322848 0.218778 0.0150915
93.1062 1 0.0291733 0.00717906 0.335921 0.0471003
93.1854 1 0.0333073 0.00228652 0.209122 0.0144141
93.2647 1 0.050334 0.00312455 0.263889 0.00390395
93.3439 1 0.027508 0.00253029 0.157746 0.00989152
93.4231 1 0.156215 0.0275319 1.50477 0.0321769
93.5024 1 0.0103605 0.00353066 0.180637 0.0276871
93.5816 1 0.0423668 0.00973087 0.55315 0.00162327
93.6608 1 0.0274492 0.00373726 0.194845 0.0145382
93.7401 1 0.0825519 0.00827466 0.67228 0.0136005
93.8193 1 0.099233 0.00463907 0.286676 0.00398966
93.8986 1 0.105823 0.010063 0.494358 0.00983905
93.9778 1 0.0374598 0.00730038 0.40296 0.00516282
94.057 1 0.142857 0.00943032 0.450207 0.0155062
94.1363 1 0.0304596 0.00477856 0.292962 0.00326684
94.2155 1 0.0249905 0.00243747 0.152816 0.00378962
94.2948 1 0.0254723 0.0081402 0.507524 0.0117154
94.374 1 0.0850984 0.00707238 0.328187 0.00534816
94.4532 1 0.070793 0.005589 0.464596 0.00161555
94.5325 1 0.021868 0.00270973 0.119916 0.00101609
94.6117 1 0.268048 0.0202239 0.992443 0.00611194
94.691 1 0.146291 0.0347915 1.83799 0.00143434
94.7702 1 0.0654761 0.0135184 0.84551 0.000498781
94.8494 1 0.00161231 0.00425301 0.260613 0.000632124
94.9287 1 0.0826085 0.00653032 0.311731 0.00248573
95.0079 1 0.0765834 0.00521975 0.28218 0.0027601
95.0872 1 0.10419 0.00528743 0.164321 0.00736729
95.1664 1 0.10644 0.00780902 0.492722 0.00693641
95.2456 1 0.0263962 0.00102679 0.0985722 0.00148663
95.3249 1 0.0285429 0.00144637 0.0558505 0.00584567
95.4041 1 0.0346245 0.00148458 0.121507 0.00445558
95.4834 1 0.0930337 0.00472385 0.230661 0.0160574
95.5626 1 0.0115847 0.000173408 0.0465469 0.00326344
95.6418 1 0.0791452 0.0133277 0.880758 0.00332695
95.7211 1 0.0153752 0.00475318 0.258989 0.00577748
95.8003 1 0.0357548 0.00966709 0.527328 0.00370742
95.8795 1 0.0323593 0.00907641 0.482895 0.0132757
95.9588 1 0.0700108 0.0148852 0.840349 0.00742173
96.038 1 0.0245214 0.00313847 0.146547 0.00059893
96.1173 1 0.0410318 0.00470941 0.258926 0.0114134
96.1965 1 0.0755775 0.0060242 0.35856 0.0178265
96.2757 1 0.0496386 0.0200992 1.31446 0.0163312
96.355 1 0.0715396 0.00030532 0.119602 0.00408474
96.4342 1 0.0599939 0.0238488 1.32195 0.0379291
96.5135 1 0.0630318 0.00784646 0.484098 0.0246517
96.5927 1 0.0271002 0.00142361 0.138726 0.019327
96.6719 1 0.0226329 0.00664308 0.39698 0.0027612
96.7512 1 0.0417414 0.0167402 0.969914 0.0218789
96.8304 1 0.0346218 0.00181192 0.0897693 0.00565501
96.9097 1 0.0424393 0.00222752 0.0976621 0.0181568
96.9889 1 0.145299 0.0127925 0.898949 0.0533452
97.0681 1 0.0405233 0.0100897 0.576101 0.0306802
97.1474 1 0.0725163 0.00644607 0.335812 0.0163508
97.2266 1 0.0302143 0.00753324 0.607524 0.0487894
97.3059 1 0.0753558 0.0160407 0.828909 0.0862532
97.3851 1 0.0233006 0.00174005 0.0826927 0.021679
97.4643 1 0.017789 0.00197923 0.158387 0.0136323
97.5436 1 0.0393054 0.00359314 0.135161 0.0950681
97.6228 1 0.0232264 0.0049993 0.270978 0.00940984
97.7021 1 0.0225886 0.00577505 0.305153 0.0122315
97.7813 1 0.0946956 0.0104809 0.518534 0.00853564
97.8605 1 0.0316113 0.00412943 0.218252 0.00705805
97.9398 1 0.0423512 0.00858751 0.526079 0.0553937
98.019 1 0.0403341 0.00743796 0.259325 0.11005
98.0982 1 0.0284678 0.00432625 0.20812 0.0356363
98.1775 1 0.0244226 0.00300526 0.155926 0.0175319
98.2567 1 0.0289677 0.00221756 0.141098 0.0130441
98.336 1 0.0440257 0.00623158 0.337886 0.0226729
98.4152 1 0.0206223 0.0150039 0.854503 0.0116096
98.4944 1 0.0615184 0.0375854 2.16377 0.192348
98.5737 1 0.0411542 0.00598087 0.370021 0.0265393
98.6529 1 0.0624599 0.000828332 0.034407 0.0249836
98.7322 1 0.0253911 0.00422904 0.218429 0.0269236
98.8114 1 0.0158088 0.00201046 0.163283 0.0147868
98.8906 1 0.0335709 0.00198408 0.082436 0.0228944
98.9699 1 0.0387841 0.0117352 0.73472 0.0187195
99.0491 1 0.0523835 0.00411982 0.170369 0.00985831
99.1284 1 0.0230839 0.00298771 0.15805 0.0246626
99.2076 1 0.0586278 0.00361286 0.164871 0.0269941
99.2868 1 0.00689268 0.00690682 0.373326 0.0181554
99.3661 1 0.106822 0.022812 1.30445 0.0237198
99.4453 1 0.0360856 0.00979215 0.605247 0.030013
99.5246 1 0.0172254 0.00495644 0.271297 0.0117166
99.6038 1 0.013979 0.00466527 0.304519 0.0152222
99.683 1 0.0319555 0.00334764 0.252476 0.0175253
99.7623 1 0.0145337 0.00251176 0.175575 0.0121699
99.8415 1 0.288257 0.0278706 1.59555 0.061567
99.9208 1 0.00559641 0.0121173 0.706657 0.00882299
100 1 0.0849756 0.00433689 0.377522 0.00568576
