# Generated from ../data/13JUL2013/024.dat
freq T_s gyro_x steer v
0 1 0.00428973 0.0811253 6.09711
0.0499875 1 0.0305399 0.141787 0.134928
0.099975 1 0.014521 0.246011 0.11467
0.149962 1 0.0495814 0.403214 0.126494
0.19995 1 0.0163122 0.287825 0.0820301
0.249937 1 0.0108811 0.488199 0.427058
0.299925 1 0.0508366 0.146625 0.151138
0.349912 1 0.0437955 0.213173 0.0745001
0.3999 1 0.0516661 0.198264 0.039066
0.449887 1 0.0346813 0.181825 0.0483803
0.499875 1 0.0575106 0.203019 0.00243303
0.549862 1 0.0566797 0.189095 0.00853223
0.59985 1 0.0591244 0.197719 0.00311088
0.649837 1 0.0596917 0.173985 0.0189257
0.699825 1 0.0583286 0.15298 0.0127664
0.749812 1 0.054256 0.14409 0.0106307
0.7998 1 0.0614176 0.157805 0.00918442
0.849787 1 0.053375 0.138586 0.00756638
0.899775 1 0.0511435 0.131778 0.00477659
0.949762 1 0.0534182 0.120268 0.00405391
0.99975 1 0.0511235 0.114251 0.00581306
1.04974 1 0.0504238 0.107409 0.000230924
1.09972 1 0.0532785 0.0975244 0.00619539
1.14971 1 0.0483267 0.0968311 0.00351461
1.1997 1 0.0444314 0.0790156 0.0111308
1.24969 1 0.0411741 0.0871953 0.0136731
1.29967 1 0.0504839 0.0880635 0.00852194
1.34966 1 0.0506451 0.0776887 0.0105755
1.39965 1 0.0438554 0.0767312 0.00614425
1.44964 1 0.0446254 0.0769399 0.00310552
1.49962 1 0.0436326 0.076865 0.000699785
1.54961 1 0.0419446 0.0714508 0.00328251
1.5996 1 0.0430507 0.0709447 0.00618914
1.64959 1 0.0393437 0.0602954 0.00379038
1.69957 1 0.0416326 0.041638 0.00327186
1.74956 1 0.0382528 0.0553724 0.00847091
1.79955 1 0.0481102 0.163563 0.160194
1.84954 1 0.039711 0.0693525 0.0123321
1.89952 1 0.0394964 0.0676679 0.014236
1.94951 1 0.0340923 0.0412498 0.00391551
1.9995 1 0.0358078 0.0726356 0.0189403
2.04949 1 0.0414028 0.0518958 0.0133628
2.09947 1 0.0288478 0.0435721 0.00060058
2.14946 1 0.0305947 0.0399657 0.0127751
2.19945 1 0.0481044 0.121528 0.151997
2.24944 1 0.0284316 0.0213085 0.0101868
2.29942 1 0.0239248 0.0285646 0.00850178
2.34941 1 0.0136085 0.073894 0.0839507
2.3994 1 0.0330693 0.050844 0.0220784
2.44939 1 0.0122464 0.0247933 0.0121621
2.49937 1 0.031045 0.0530386 0.00642526
2.54936 1 0.0199638 0.00796018 0.0156534
2.59935 1 0.00838416 0.101057 0.0367469
2.64934 1 0.0130741 0.0250705 0.00810985
2.69932 1 0.0306048 0.0537449 0.0589344
2.74931 1 0.0575707 0.0694109 0.10933
2.7993 1 0.0430423 0.0512987 0.0207204
2.84929 1 0.0196584 0.013703 0.0263832
2.89927 1 0.0314881 0.0977973 0.0532409
2.94926 1 0.0208816 0.0130083 0.00548284
2.99925 1 0.022922 0.0365587 0.0164048
3.04924 1 0.0978129 0.150245 0.160327
3.09922 1 0.0122244 0.0145835 0.011952
3.14921 1 0.0193301 0.0340241 0.0635225
3.1992 1 0.0161478 0.00235733 0.0397465
3.24919 1 0.0154756 0.00556913 0.0329956
3.29917 1 0.0109927 0.0520209 0.0428378
3.34916 1 0.00742197 0.0679327 0.0303894
3.39915 1 0.0168769 0.0153406 0.00909681
3.44914 1 0.00778968 0.056343 0.0188269
3.49912 1 0.0205057 0.0109553 0.0106156
3.54911 1 0.0204319 0.0104353 0.0149611
3.5991 1 0.0331119 0.0433455 0.0226583
3.64909 1 0.0207763 0.0106639 0.0318111
3.69907 1 0.0204761 0.0379192 0.110459
3.74906 1 0.0211823 0.014282 0.00746065
3.79905 1 0.0184186 0.00366053 0.0137669
3.84904 1 0.0170958 0.00810302 0.02459
3.89902 1 0.0162694 0.0090114 0.0157051
3.94901 1 0.0277245 0.0291433 0.0292186
3.999 1 0.0173011 0.0117103 0.0112333
4.04899 1 0.0130746 0.00915833 0.0340781
4.09897 1 0.0244828 0.0219574 0.028355
4.14896 1 0.0168121 0.00865892 0.016931
4.19895 1 0.0248767 0.0200064 0.0165721
4.24894 1 0.017084 0.00517383 0.00420917
4.29892 1 0.0240165 0.0199639 0.0379943
4.34891 1 0.0204533 0.00993358 0.0132937
4.3989 1 0.0196553 0.00425718 0.0129358
4.44889 1 0.01563 0.0219669 0.0478258
4.49887 1 0.0201689 0.00485592 0.0129936
4.54886 1 0.0114073 0.0181529 0.10435
4.59885 1 0.0478295 0.0416914 0.0553845
4.64884 1 0.0159041 0.00593354 0.0260095
4.69882 1 0.0467965 0.0692655 0.082247
4.74881 1 0.0188787 0.0175543 0.0242717
4.7988 1 0.0358321 0.0254286 0.0262283
4.84879 1 0.0242016 0.0148856 0.0300641
4.89877 1 0.0202195 0.0115575 0.0219636
4.94876 1 0.0332793 0.0298889 0.0650108
4.99875 1 0.0240558 0.0146582 0.0287251
5.04874 1 0.0184715 0.00310063 0.00980561
5.09872 1 0.0319372 0.0225296 0.0837755
5.14871 1 0.0148864 0.00477827 0.013226
5.1987 1 0.0232983 0.00922559 0.024991
5.24869 1 0.0214686 0.00553503 0.00344787
5.29867 1 0.0205488 0.00123473 0.0117364
5.34866 1 0.0168707 0.00944744 0.00194627
5.39865 1 0.0114517 0.00918973 0.0244705
5.44864 1 0.0213624 0.0103201 0.0271854
5.49862 1 0.0165336 0.00711878 0.00987895
5.54861 1 0.0113829 0.0165302 0.0456383
5.5986 1 0.014238 0.00595965 0.0179731
5.64859 1 0.0161467 0.000811832 0.00577065
5.69857 1 0.0304015 0.0154933 0.0259631
5.74856 1 0.0187297 0.0226143 0.0593061
5.79855 1 0.019247 0.00305087 0.0149983
5.84854 1 0.0148597 0.00514349 0.00842589
5.89852 1 0.0374784 0.0214902 0.0602513
5.94851 1 0.0186255 0.0182258 0.0367268
5.9985 1 0.0204223 0.00924357 0.0152998
6.04849 1 0.0296338 0.0172462 0.0514281
6.09847 1 0.0143841 0.00764366 0.0130794
6.14846 1 0.0351634 0.0177542 0.0431506
6.19845 1 0.0205287 0.00372018 0.0107929
6.24844 1 0.0166135 0.00670335 0.0108748
6.29842 1 0.0307275 0.00898375 0.0154324
6.34841 1 0.0197852 0.00322866 0.00664311
6.3984 1 0.0046717 0.00589579 0.0286614
6.44839 1 0.0211117 0.0045852 0.0237182
6.49837 1 0.0186911 0.00432614 0.00611915
6.54836 1 0.0274244 0.0111644 0.117757
6.59835 1 0.0195909 0.00433007 0.0300629
6.64834 1 0.0187583 0.00741123 0.0183772
6.69832 1 0.0139176 0.00281524 0.0152577
6.74831 1 0.0196767 0.0058482 0.00541364
6.7983 1 0.0115463 0.00228048 0.0147156
6.84829 1 0.0197226 0.00504762 0.0146822
6.89827 1 0.0201939 0.00370485 0.00386164
6.94826 1 0.0171249 0.00746377 0.0284243
6.99825 1 0.0141813 0.00665565 0.0209729
7.04824 1 0.0149936 0.00688393 0.0118146
7.09822 1 0.0134396 0.00400193 0.00666119
7.14821 1 0.0156863 0.00402986 0.0189338
7.1982 1 0.0411749 0.0275688 0.00727469
7.24819 1 0.0245454 0.00175123 0.0117261
7.29817 1 0.0173835 0.00644541 0.021521
7.34816 1 0.0171826 0.00308607 0.00400933
7.39815 1 0.0191702 0.00486523 0.0106668
7.44814 1 0.0151284 0.00458707 0.00894254
7.49812 1 0.0183173 0.00801644 0.0275898
7.54811 1 0.0215325 0.00262004 0.00929329
7.5981 1 0.0205875 0.00122597 0.0004166
7.64809 1 0.017364 0.00470946 0.0107056
7.69807 1 0.0218985 0.00771559 0.0476461
7.74806 1 0.023618 0.00698756 0.0254208
7.79805 1 0.0217933 0.0068853 0.00272161
7.84804 1 0.0234169 0.00515383 0.0101128
7.89802 1 0.0141982 0.0043159 0.0235019
7.94801 1 0.0198611 0.00353489 0.00543789
7.998 1 0.019928 0.00942494 0.0236924
8.04799 1 0.0152054 0.0102649 0.0285905
8.09797 1 0.0214614 0.00452518 0.00511702
8.14796 1 0.0101838 0.00867239 0.0201734
8.19795 1 0.0193159 0.00290098 0.00637333
8.24794 1 0.0185294 0.00889407 0.0106846
8.29792 1 0.0192053 0.00330937 0.0123596
8.34791 1 0.0203137 0.00723405 0.022034
8.3979 1 0.0244666 0.00112951 0.00943199
8.44789 1 0.0249511 0.012636 0.0147051
8.49787 1 0.0171207 0.0110274 0.00760581
8.54786 1 0.0172097 0.00579584 0.00805177
8.59785 1 0.0162075 0.0132897 0.0140811
8.64784 1 0.0199381 0.00674379 0.00381956
8.69782 1 0.0212885 0.00877863 0.00411398
8.74781 1 0.022466 0.00550413 0.00779114
8.7978 1 0.0224172 0.00296018 0.000765044
8.84779 1 0.00797045 0.0216543 0.015022
8.89777 1 0.0216665 0.0078107 0.00521677
8.94776 1 0.0248935 0.00875478 0.00476149
8.99775 1 0.0191557 0.0480642 0.0385415
9.04774 1 0.0253871 0.00420985 0.00410911
9.09772 1 0.0113343 0.0101675 0.00352793
9.14771 1 0.0220655 0.012946 0.00387581
9.1977 1 0.021723 0.0158064 0.0020834
9.24769 1 0.0230817 0.00457889 0.00538829
9.29767 1 0.0124884 0.00395778 0.00201019
9.34766 1 0.0215554 0.00733715 0.00674153
9.39765 1 0.0188572 0.0022781 0.00271605
9.44764 1 0.0222946 0.00204802 0.00555924
9.49762 1 0.0194433 0.00559533 0.00506763
9.54761 1 0.0244212 0.00197707 0.00179063
9.5976 1 0.0260336 0.00639275 0.00457286
9.64759 1 0.0223484 0.00914607 0.00143803
9.69757 1 0.0122645 0.00769535 0.0046167
9.74756 1 0.0222688 0.00450603 0.00471694
9.79755 1 0.00809599 0.00834067 0.00788266
9.84754 1 0.0133345 0.00510636 0.00355301
9.89752 1 0.0267207 0.00282018 0.00385803
9.94751 1 0.0237426 0.00608974 0.00540527
9.9975 1 0.0216211 0.0033102 0.00118392
10.0475 1 0.0245205 0.00119987 0.00146296
10.0975 1 0.0236703 0.00222845 0.00596268
10.1475 1 0.0321234 0.00507691 0.00241984
10.1974 1 0.0226648 0.00238995 0.00183413
10.2474 1 0.0249856 0.00274688 0.00463774
10.2974 1 0.0193522 0.0018985 0.00145202
10.3474 1 0.0212901 0.00549862 0.00270578
10.3974 1 0.0216321 0.00260707 0.00188024
10.4474 1 0.0254077 0.000943876 0.0023384
10.4974 1 0.0191083 0.000935817 0.0015769
10.5474 1 0.0221582 0.00411376 0.00212001
10.5973 1 0.0271858 0.00209761 0.00321755
10.6473 1 0.02242 0.00281201 0.00188473
10.6973 1 0.0281143 0.00149344 0.00224747
10.7473 1 0.0216761 0.00476355 0.00389417
10.7973 1 0.0180182 0.000673759 0.00089668
10.8473 1 0.0167228 0.00300146 0.00238628
10.8973 1 0.0282509 0.00924434 0.0078801
10.9473 1 0.0237265 0.00220488 0.00145861
10.9972 1 0.0271507 0.00163372 0.0050312
11.0472 1 0.0181975 0.00395197 0.00359208
11.0972 1 0.0197195 0.00857988 0.00434156
11.1472 1 0.0213502 0.000216263 0.00221724
11.1972 1 0.0245757 0.000955233 0.00139229
11.2472 1 0.0236594 0.00236338 0.000879857
11.2972 1 0.018374 0.00022554 0.00315735
11.3472 1 0.0249098 0.00119223 0.00202205
11.3971 1 0.0277064 0.00387596 0.00129074
11.4471 1 0.016328 0.00102063 0.00188103
11.4971 1 0.0197084 0.00285374 0.00397599
11.5471 1 0.0233688 0.00094828 0.000169356
11.5971 1 0.0227207 0.000471634 0.00144444
11.6471 1 0.0161521 0.00200127 0.00030711
11.6971 1 0.0216216 0.00088787 0.00283294
11.7471 1 0.0247257 0.000455723 0.00105179
11.797 1 0.0101084 0.00155908 0.0026211
11.847 1 0.0135896 0.000603465 0.000653942
11.897 1 0.0158205 2.11834e-05 0.0015772
11.947 1 0.0183191 0.000768662 8.30573e-05
11.997 1 0.011594 0.00050528 0.00129158
12.047 1 0.0175832 0.00101116 0.00139673
12.097 1 0.0162157 0.00109195 0.00029734
12.147 1 0.0142827 0.00114873 0.00166901
12.1969 1 0.0186283 0.000569842 0.000318847
12.2469 1 0.018449 0.000870658 0.00198319
12.2969 1 0.0228448 0.0013471 0.00450633
12.3469 1 0.0106755 0.00338562 0.00230061
12.3969 1 0.0192429 0.00101139 0.00546564
12.4469 1 0.0160547 0.00166226 0.000397019
12.4969 1 0.0233137 0.000492096 0.000612312
12.5469 1 0.0179948 0.00300929 0.00601769
12.5968 1 0.0245859 0.000399468 0.00119929
12.6468 1 0.0171469 0.00134326 0.000835716
12.6968 1 0.0293944 0.0015971 0.00568182
12.7468 1 0.0180758 0.000868628 0.00103492
12.7968 1 0.0232204 0.000934488 0.00131159
12.8468 1 0.0262768 0.00143841 0.00235637
12.8968 1 0.0205886 0.000479356 0.00428467
12.9468 1 0.0259272 0.00145621 0.00119106
12.9967 1 0.0271007 0.00182645 0.00206038
13.0467 1 0.0216249 0.000748197 0.00179142
13.0967 1 0.029373 0.00164287 0.0021209
13.1467 1 0.024944 0.000763994 9.30309e-05
13.1967 1 0.0265721 0.00082095 0.00214605
13.2467 1 0.0222437 0.000915298 0.00325532
13.2967 1 0.021213 0.000836631 0.00033549
13.3467 1 0.025805 0.000825941 0.00136256
13.3966 1 0.0285971 0.00057028 0.000415274
13.4466 1 0.0302542 0.000282133 0.00100361
13.4966 1 0.028111 0.00101812 0.00497305
13.5466 1 0.0287833 0.000746447 0.00290246
13.5966 1 0.0273762 0.000909341 7.89599e-05
13.6466 1 0.0287953 0.000571286 0.000381882
13.6966 1 0.0305536 0.0015674 0.000467888
13.7466 1 0.0521359 0.00299246 0.00685041
13.7965 1 0.0255188 0.000787572 0.00053434
13.8465 1 0.0268 0.000791428 0.000359847
13.8965 1 0.0257433 0.000780246 0.000572128
13.9465 1 0.0309281 0.000726038 0.00144301
13.9965 1 0.0300892 0.000760152 0.00029961
14.0465 1 0.0268068 0.000704637 1.8272e-05
14.0965 1 0.024717 0.000750754 0.000117454
14.1465 1 0.0229031 0.000833061 0.00107757
14.1964 1 0.0294796 0.000940025 0.00111101
14.2464 1 0.030463 0.000740737 0.000303481
14.2964 1 0.033705 0.000720742 0.00159238
14.3464 1 0.0302927 0.000769316 0.00020801
14.3964 1 0.0310656 0.000684779 0.000616546
14.4464 1 0.0316405 0.000756593 0.000667533
14.4964 1 0.0297449 0.000819085 0.0001206
14.5464 1 0.0186254 0.00115475 0.00324196
14.5963 1 0.0188018 0.000514772 0.0016756
14.6463 1 0.0409845 0.000993085 0.00138721
14.6963 1 0.0507365 0.00120681 0.000630054
14.7463 1 0.0461808 0.00167681 0.0068346
14.7963 1 0.026062 0.000348346 0.00340745
14.8463 1 0.0297809 0.000685493 0.0042274
14.8963 1 0.0500481 0.00114231 0.00194146
14.9463 1 0.0409889 0.00224681 0.00500422
14.9962 1 0.0335988 0.000487508 0.00117399
15.0462 1 0.0385643 0.00148032 0.00231224
15.0962 1 0.0303109 0.00105007 0.00138492
15.1462 1 0.0344611 0.00011922 0.00112492
15.1962 1 0.0321257 0.00118806 0.00107378
15.2462 1 0.0101965 0.00230644 0.00676295
15.2962 1 0.0318352 0.000630577 0.00171509
15.3462 1 0.0328458 0.000567295 0.00275753
15.3961 1 0.0241035 0.000491261 0.00138051
15.4461 1 0.0208471 0.00112228 0.00569006
15.4961 1 0.0216388 0.000600573 0.00641248
15.5461 1 0.018364 0.000783409 0.00406549
15.5961 1 0.0264281 0.00268771 0.00207238
15.6461 1 0.024101 0.0024071 0.00249989
15.6961 1 0.101036 0.00526132 0.0136163
15.7461 1 0.0239937 0.000378728 0.00379934
15.796 1 0.034469 0.000290331 0.0110978
15.846 1 0.0195711 0.000498511 0.00110819
15.896 1 0.025134 0.00121855 0.0102414
15.946 1 0.0241256 0.00111698 0.0145188
15.996 1 0.0308986 0.000725422 0.00555983
16.046 1 0.00857387 0.000745851 0.0116501
16.096 1 0.00826926 0.00119795 0.00645656
16.146 1 0.0345538 0.000388383 0.00990763
16.1959 1 0.0159791 0.00043671 0.0136663
16.2459 1 0.0212701 0.000125868 0.00440808
16.2959 1 0.0429135 0.000508583 0.023116
16.3459 1 0.0293866 0.000138351 0.0148726
16.3959 1 0.0245507 0.000733747 0.000747776
16.4459 1 0.0183382 0.00122314 0.00504688
16.4959 1 0.023408 0.000680339 0.00274999
16.5459 1 0.0220819 0.000561022 0.0121718
16.5958 1 0.0203176 0.0057188 0.0157356
16.6458 1 0.0560986 0.00379852 0.0140772
16.6958 1 0.0327245 0.00316078 0.00220435
16.7458 1 0.0347004 0.000622325 0.00980653
16.7958 1 0.0293591 0.00127591 0.00743837
16.8458 1 0.0471695 0.00186737 0.0139524
16.8958 1 0.0406474 0.000732164 0.0177596
16.9458 1 0.0204916 0.00185761 0.0193912
16.9957 1 0.0227933 0.000449177 0.0117539
17.0457 1 0.0226055 0.00263875 0.016217
17.0957 1 0.0199116 0.00249966 0.0109554
17.1457 1 0.0237984 0.00208719 0.00911977
17.1957 1 0.0431293 0.00340615 0.0201126
17.2457 1 0.0441492 0.000968427 0.0053445
17.2957 1 0.0543618 0.00255571 0.0242942
17.3457 1 0.0282017 0.00162473 0.00979934
17.3956 1 0.0407042 0.0026384 0.0229479
17.4456 1 0.0337329 0.000737246 0.0116581
17.4956 1 0.0458147 0.00264141 0.0522907
17.5456 1 0.0566998 0.00566524 0.0128028
17.5956 1 0.0268107 0.00070655 0.0124934
17.6456 1 0.0149861 0.00146764 0.00536618
17.6956 1 0.0334615 0.00130326 0.0346477
17.7456 1 0.0176683 0.00157488 0.00893708
17.7955 1 0.0510316 0.00347759 0.00277213
17.8455 1 0.0278544 0.002182 0.0270071
17.8955 1 0.0296113 0.00227089 0.0264673
17.9455 1 0.0533883 0.0017061 0.0462625
17.9955 1 0.0253585 0.00166177 0.0135459
18.0455 1 0.0229063 0.00108966 0.0104548
18.0955 1 0.0363074 0.00237998 0.0185991
18.1455 1 0.0459771 0.000802778 0.0497199
18.1954 1 0.0255306 0.000985861 0.0244383
18.2454 1 0.0353607 0.00336401 0.0671771
18.2954 1 0.0206546 0.00124986 0.0113658
18.3454 1 0.0251234 0.00105254 0.00704471
18.3954 1 0.0527532 0.00845465 0.0816944
18.4454 1 0.030959 0.000860152 0.0081944
18.4954 1 0.0336062 0.00103812 0.0213894
18.5454 1 0.0247708 0.000753713 0.0135924
18.5953 1 0.0221812 0.00121563 0.0340685
18.6453 1 0.021785 0.00125978 0.0185495
18.6953 1 0.0247399 0.000757973 0.0128678
18.7453 1 0.0406794 0.00241523 0.0226546
18.7953 1 0.0335078 0.00281118 0.0586584
18.8453 1 0.0259228 0.000293587 0.0188656
18.8953 1 0.0315486 0.00165331 0.0144889
18.9453 1 0.0192379 0.00152381 0.0251739
18.9952 1 0.040807 0.00080056 0.0701914
19.0452 1 0.132462 0.00578235 0.179583
19.0952 1 0.0684567 0.00277912 0.00756673
19.1452 1 0.0282017 0.000509624 0.0289854
19.1952 1 0.0208511 0.000455614 0.0080431
19.2452 1 0.0260821 0.00103102 0.00948412
19.2952 1 0.0354038 0.000902416 0.028253
19.3452 1 0.0437478 0.0037452 0.00588037
19.3951 1 0.100912 0.0132781 0.0445005
19.4451 1 0.0274722 0.00102681 0.00804337
19.4951 1 0.0310988 0.00123631 0.0176573
19.5451 1 0.019909 0.00227803 0.0136359
19.5951 1 0.0493187 0.00171222 0.00420938
19.6451 1 0.0262666 0.00164467 0.00381711
19.6951 1 0.0381181 0.00154848 0.0130548
19.7451 1 0.0138911 0.000544559 0.00600731
19.795 1 0.0270948 0.000699485 0.00143751
19.845 1 0.0267864 0.000311937 0.00313053
19.895 1 0.0295831 0.00208108 0.00651515
19.945 1 0.0902743 0.00319704 0.0233734
19.995 1 0.0554762 0.00454297 0.0226672
20.045 1 0.0382125 0.000397768 0.00312301
20.095 1 0.0364877 0.00299993 0.0055482
20.145 1 0.0213222 0.000988195 0.0108504
20.1949 1 0.0442268 0.00181816 0.00987274
20.2449 1 0.021992 0.000814238 0.00675964
20.2949 1 0.0565175 0.0013551 0.013649
20.3449 1 0.017583 0.00124903 0.00281997
20.3949 1 0.0185041 0.000377339 0.00300611
20.4449 1 0.0439736 0.000973448 0.00165808
20.4949 1 0.0321008 0.000399299 0.00436251
20.5449 1 0.0257077 0.00280531 0.0032023
20.5948 1 0.0593418 0.00559304 0.00900621
20.6448 1 0.0479983 0.00235469 0.00631284
20.6948 1 0.0445593 0.00420473 0.00363309
20.7448 1 0.0269609 0.00109172 0.000512892
20.7948 1 0.0232047 0.000853217 0.0014695
20.8448 1 0.0321222 0.00203601 0.00289988
20.8948 1 0.0229161 0.000607677 0.00024625
20.9448 1 0.0281134 0.00138073 0.00188285
20.9947 1 0.0378709 0.00202596 0.00187103
21.0447 1 0.0200149 0.00311135 0.00108162
21.0947 1 0.0237477 0.000604304 0.000681775
21.1447 1 0.0273287 0.00156632 0.000296964
21.1947 1 0.0474337 0.0115669 0.00262122
21.2447 1 0.0514468 0.00139505 0.00117087
21.2947 1 0.0302138 0.00203529 0.000731456
21.3447 1 0.0376246 0.00222291 0.00578575
21.3946 1 0.0467899 0.00238118 0.00165601
21.4446 1 0.0181531 0.00115345 0.00205671
21.4946 1 0.0348198 0.00324869 0.00808803
21.5446 1 0.0478313 0.00538259 0.0131312
21.5946 1 0.0245347 0.00517878 0.0136655
21.6446 1 0.0426384 0.000785656 0.00978285
21.6946 1 0.0688712 0.00735319 0.0215074
21.7446 1 0.0597949 0.00139015 0.0085935
21.7945 1 0.0242048 0.00267702 0.00574579
21.8445 1 0.0235498 0.00151268 0.00143395
21.8945 1 0.0384391 0.00397009 0.0126591
21.9445 1 0.029291 0.00426285 0.00693617
21.9945 1 0.0246383 0.00223411 0.0150561
22.0445 1 0.0231377 0.00456224 0.0224186
22.0945 1 0.0153004 0.00240508 0.0117819
22.1445 1 0.0164838 0.00122818 0.010233
22.1944 1 0.0366213 0.002559 0.0229341
22.2444 1 0.0199378 0.00192741 0.00445882
22.2944 1 0.0213731 0.00383172 0.00691302
22.3444 1 0.0261105 0.00141138 0.00520646
22.3944 1 0.0493952 0.00300551 0.0418172
22.4444 1 0.0318956 0.00267628 0.0113426
22.4944 1 0.0311195 0.00125033 0.0342127
22.5444 1 0.0152669 0.00259819 0.023795
22.5943 1 0.0232601 0.00354883 0.0267874
22.6443 1 0.035931 0.00428022 0.0151274
22.6943 1 0.0714054 0.00865796 0.0192239
22.7443 1 0.0342843 0.00121756 0.00351257
22.7943 1 0.0558865 0.00154569 0.012536
22.8443 1 0.0117116 0.00177835 0.0124532
22.8943 1 0.0230818 0.00107008 0.00587208
22.9443 1 0.020041 0.000950119 0.0123813
22.9942 1 0.0160726 0.00244702 0.00986743
23.0442 1 0.0775709 0.00573956 0.0465239
23.0942 1 0.0194748 0.00269555 0.00698895
23.1442 1 0.0339976 0.00411818 0.0131873
23.1942 1 0.0577962 0.00570177 0.0214407
23.2442 1 0.0167573 0.00135305 0.00775567
23.2942 1 0.0359832 0.00151957 0.00821143
23.3442 1 0.0453753 0.00387158 0.0297646
23.3941 1 0.0264419 0.000592547 0.00678222
23.4441 1 0.0499065 0.000244274 0.00669684
23.4941 1 0.00962478 0.00140649 0.00952627
23.5441 1 0.0163699 0.00132399 0.0177295
23.5941 1 0.0215296 0.00149494 0.00648095
23.6441 1 0.0156138 0.0016555 0.00951915
23.6941 1 0.156833 0.0130813 0.129356
23.7441 1 0.0370797 0.00114708 0.0287039
23.794 1 0.024802 0.00041275 0.00144414
23.844 1 0.0229587 0.00134901 0.0163532
23.894 1 0.0480223 0.00322733 0.0237044
23.944 1 0.0440664 0.00403957 0.0152396
23.994 1 0.0168509 0.00127655 0.0118296
24.044 1 0.026515 0.00080891 0.0175934
24.094 1 0.0245765 0.000425532 0.00861967
24.144 1 0.0117118 0.0014514 0.0102646
24.1939 1 0.0262949 0.00220367 0.027888
24.2439 1 0.00843209 0.00247711 0.00310043
24.2939 1 0.0244189 0.00437583 0.0434304
24.3439 1 0.0908532 0.00255049 0.0956232
24.3939 1 0.015703 0.001998 0.00455567
24.4439 1 0.0131301 0.00122742 0.00552425
24.4939 1 0.0337634 0.00681966 0.0199885
24.5439 1 0.0290781 0.00327834 0.00830881
24.5938 1 0.0164282 0.000673121 0.00510337
24.6438 1 0.00485535 0.00153596 0.00111809
24.6938 1 0.00943242 0.00414236 0.0156079
24.7438 1 0.0109901 0.00142109 0.00808616
24.7938 1 0.0235679 0.00189314 0.0134182
24.8438 1 0.0164595 0.00120838 0.0141663
24.8938 1 0.0212383 0.0021207 0.00651593
24.9438 1 0.0137726 0.00373224 0.00807489
24.9937 1 0.0302705 0.00160693 0.0116035
25.0437 1 0.0111102 0.00202715 0.00450115
25.0937 1 0.0507055 0.00256547 0.0101455
25.1437 1 0.00738492 0.00210244 0.00651171
25.1937 1 0.0394661 0.00373987 0.0117134
25.2437 1 0.00175541 0.000865115 0.00513669
25.2937 1 0.00883337 0.00191505 0.00734482
25.3437 1 0.0137793 0.00303242 0.00680665
25.3936 1 0.00822321 0.00520428 0.0366814
25.4436 1 0.0174831 0.000684165 0.004253
25.4936 1 0.0201731 0.00507776 0.0132226
25.5436 1 0.0394572 0.00610927 0.0487758
25.5936 1 0.00348263 0.00110022 0.00705721
25.6436 1 0.00543596 0.00118556 0.011617
25.6936 1 0.0164872 0.00172867 0.00494391
25.7436 1 0.00944706 0.00425717 0.00783464
25.7935 1 0.00925894 0.00032226 0.00790295
25.8435 1 0.0111656 0.00122311 0.00833609
25.8935 1 0.0167811 0.00652612 0.021212
25.9435 1 0.00543693 0.000952804 0.00268325
25.9935 1 0.019467 0.00105419 0.00713146
26.0435 1 0.0080469 0.00172156 0.00860043
26.0935 1 0.00712537 0.00190758 0.00523639
26.1435 1 0.00617601 0.00097843 0.00815658
26.1934 1 0.00548774 0.000313117 0.00610163
26.2434 1 0.0108034 0.00112174 0.00620552
26.2934 1 0.0237153 0.00551542 0.0383787
26.3434 1 0.0125412 0.00149534 0.00307482
26.3934 1 0.00495575 0.00102957 0.00927006
26.4434 1 0.00420812 0.00158692 0.00384294
26.4934 1 0.00471321 0.0016089 0.00417356
26.5434 1 0.00877212 0.000562202 0.00972838
26.5933 1 0.0104056 0.00138347 0.00633413
26.6433 1 0.00296553 0.00205389 0.001029
26.6933 1 0.00762698 0.00215416 0.00902325
26.7433 1 0.00713063 0.000461302 0.0051595
26.7933 1 0.00464516 0.0029649 0.00226905
26.8433 1 0.00695553 0.00191504 0.00220854
26.8933 1 0.00465006 0.0021745 0.0017392
26.9433 1 0.0102738 0.00166767 0.0015455
26.9932 1 0.00686485 0.00444022 0.00762248
27.0432 1 0.0159315 0.00394705 0.00382889
27.0932 1 0.00359133 0.00246588 0.000990207
27.1432 1 0.00696364 0.00031536 0.00609971
27.1932 1 0.00169218 0.0021072 0.000654867
27.2432 1 0.0017139 0.00219729 0.00139439
27.2932 1 0.00704673 0.00161713 0.00313807
27.3432 1 0.0097336 0.00143566 0.00200132
27.3931 1 0.00352834 0.000857345 0.00594302
27.4431 1 0.00744499 0.00107998 0.00169214
27.4931 1 0.00951414 0.00128748 0.00607083
27.5431 1 0.00611508 0.00146412 0.0020382
27.5931 1 0.00837615 0.0013733 0.00219623
27.6431 1 0.00360685 0.00198966 0.00518284
27.6931 1 0.0445376 0.00354648 0.00084546
27.7431 1 0.00480063 0.000737852 0.00273085
27.793 1 0.00549359 0.00175824 0.00139654
27.843 1 0.00559764 0.00144848 0.00111255
27.893 1 0.00224561 0.00215987 0.00421373
27.943 1 0.019437 0.00103755 0.0111657
27.993 1 0.00352004 0.000727774 0.00215934
28.043 1 0.00867817 0.000872634 0.00426227
28.093 1 0.0199266 0.000880761 0.00423478
28.143 1 0.0416609 0.00164614 0.00761071
28.1929 1 0.0149465 0.000295495 0.0266089
28.2429 1 0.00672892 0.0012086 0.00233182
28.2929 1 0.0235075 0.00196744 0.00460199
28.3429 1 0.0154046 0.00142463 0.0100048
28.3929 1 0.011323 0.00185349 0.00280074
28.4429 1 0.0242831 0.00240202 0.0133163
28.4929 1 0.0724729 0.00696615 0.0324941
28.5429 1 0.0130909 0.00166812 0.00160976
28.5928 1 0.0202477 0.00114615 0.0179876
28.6428 1 0.0114707 0.00272911 0.00474078
28.6928 1 0.00378525 0.00191077 0.000650868
28.7428 1 0.00605581 0.0018187 0.00113154
28.7928 1 0.00443975 0.00176973 0.00240217
28.8428 1 0.00461283 0.0015602 0.00154025
28.8928 1 0.00719939 0.00226782 0.0024028
28.9428 1 0.00937587 0.000984192 0.000661097
28.9927 1 0.00246075 0.00245303 0.0012184
29.0427 1 0.0194943 0.00214611 0.00546622
29.0927 1 0.00179063 0.00234796 0.00187848
29.1427 1 0.00142107 0.00172613 0.000881863
29.1927 1 0.0189754 0.00412382 0.00358397
29.2427 1 0.000994954 0.00107212 0.000683731
29.2927 1 0.0129798 0.00217683 0.00481618
29.3427 1 0.00353499 0.00131129 0.00217535
29.3926 1 0.00565719 0.000943802 0.00150028
29.4426 1 0.00817763 0.00231029 0.00179831
29.4926 1 0.0067338 0.00169433 0.00125922
29.5426 1 0.00926562 0.00204493 0.00321116
29.5926 1 0.00437783 0.00253409 0.000400673
29.6426 1 0.013116 0.00323275 0.00197532
29.6926 1 0.013545 0.00299787 0.00298587
29.7426 1 0.0295339 0.00593542 0.0109239
29.7925 1 0.00398868 0.00133513 0.00133434
29.8425 1 0.00567993 0.000236122 0.00174741
29.8925 1 0.00623227 0.00193493 0.00532633
29.9425 1 0.00369042 0.00144388 0.00262561
29.9925 1 0.00845223 0.00165962 0.000325579
30.0425 1 0.000294901 0.00186133 0.001597
30.0925 1 0.0104661 0.000630426 0.00581928
30.1425 1 0.0102846 0.000688289 0.003132
30.1924 1 0.0118133 0.001333 0.00307182
30.2424 1 0.00788322 0.00165937 0.00123542
30.2924 1 0.0122543 0.00283713 0.0101457
30.3424 1 0.0653167 0.00406585 0.00236059
30.3924 1 0.0106933 0.00184419 0.00544259
30.4424 1 0.0583598 0.00264445 0.0287242
30.4924 1 0.0217582 0.00401746 0.0113455
30.5424 1 0.0202451 0.0007407 0.00195564
30.5923 1 0.0196123 0.00131586 0.00314099
30.6423 1 0.0220801 0.00307111 0.00358233
30.6923 1 0.030306 0.00583022 0.00662316
30.7423 1 0.0356908 0.00399742 0.00153758
30.7923 1 0.0442271 0.00594473 0.0293397
30.8423 1 0.0728491 0.00151262 0.0151613
30.8923 1 0.132295 0.0130593 0.0569942
30.9423 1 0.0248238 0.000956202 0.00362512
30.9922 1 0.0294231 0.00224514 0.00288218
31.0422 1 0.019984 0.00237786 0.00400869
31.0922 1 0.0699607 0.0177245 0.0119767
31.1422 1 0.00834496 0.0101632 0.00642719
31.1922 1 0.0303309 0.00184965 0.00235766
31.2422 1 0.0209533 0.00269447 0.00546209
31.2922 1 0.0161237 0.003496 0.00672888
31.3422 1 0.0356408 0.00057267 0.00333748
31.3921 1 0.0426634 0.00359085 0.004455
31.4421 1 0.0254162 0.000267525 0.00478334
31.4921 1 0.0295413 0.00418461 0.0044134
31.5421 1 0.0641983 0.00360716 0.00272364
31.5921 1 0.282968 0.010036 0.0209527
31.6421 1 0.0284248 0.00222527 0.00509629
31.6921 1 0.0303799 0.0128007 0.00667396
31.7421 1 0.0275706 0.00223868 0.00645529
31.792 1 0.0370067 0.00383797 0.00612835
31.842 1 0.168059 0.0142602 0.00555663
31.892 1 0.033004 0.00219899 0.00115543
31.942 1 0.0379448 0.00248203 0.00716884
31.992 1 0.0368015 9.93519e-05 0.00365883
32.042 1 0.0261986 0.00199722 0.00666992
32.092 1 0.0401751 0.00292551 0.0119995
32.142 1 0.0449405 0.000887508 0.00204714
32.1919 1 0.0813995 0.012529 0.0167237
32.2419 1 0.0275489 0.00194965 0.00645683
32.2919 1 0.015513 0.00301432 0.0027454
32.3419 1 0.0367471 0.00226699 0.00444065
32.3919 1 0.0654872 0.00593509 0.000348187
32.4419 1 0.0370985 0.00372327 0.00484194
32.4919 1 0.0440015 0.00324166 0.0136691
32.5419 1 0.0907421 0.000640877 0.0160079
32.5918 1 0.0129226 0.00152786 0.00225205
32.6418 1 0.0261696 0.00499715 0.0145521
32.6918 1 0.0294717 0.00193348 0.00548895
32.7418 1 0.057908 0.000753329 0.00766144
32.7918 1 0.0331025 0.00260671 0.00383752
32.8418 1 0.0125433 0.00226862 0.00434966
32.8918 1 0.0170943 0.0062029 0.0180141
32.9418 1 0.0226656 0.00625857 0.0156072
32.9917 1 0.0628957 0.0045209 0.0116128
33.0417 1 0.0276102 0.00113951 0.00292678
33.0917 1 0.0320114 0.00158721 0.00951864
33.1417 1 0.0191597 0.00428428 0.012673
33.1917 1 0.0328082 0.00221533 0.0133966
33.2417 1 0.00290199 0.00121044 0.020426
33.2917 1 0.0428675 0.00669795 0.032386
33.3417 1 0.040693 0.00577463 0.0325609
33.3916 1 0.016531 0.0125973 0.034101
33.4416 1 0.0739091 0.00438078 0.0846428
33.4916 1 0.0582848 0.00824016 0.0676842
33.5416 1 0.0174729 0.00458061 0.0121673
33.5916 1 0.0372604 0.00352829 0.0272107
33.6416 1 0.0337675 0.00607331 0.0220705
33.6916 1 0.0213476 0.00166185 0.02709
33.7416 1 0.0270775 0.00178995 0.0114265
33.7915 1 0.0147201 0.00398375 0.020034
33.8415 1 0.0432299 0.00105778 0.0142693
33.8915 1 0.0996858 0.00375333 0.0323599
33.9415 1 0.0317028 0.00478776 0.101709
33.9915 1 0.0357909 0.000640062 0.018623
34.0415 1 0.0211236 0.00074103 0.0140126
34.0915 1 0.0424106 0.000734816 0.0183646
34.1415 1 0.0615452 0.016852 0.0790678
34.1914 1 0.0338407 0.00164191 0.0118528
34.2414 1 0.0341325 0.00149004 0.0290036
34.2914 1 0.0610247 0.00381082 0.054056
34.3414 1 0.0232766 0.00218142 0.0166294
34.3914 1 0.0159909 0.00123757 0.0504571
34.4414 1 0.0343034 0.00203046 0.0183697
34.4914 1 0.0454297 0.00264143 0.0384046
34.5414 1 0.0272809 0.00158081 0.00431028
34.5913 1 0.0313773 0.00384572 0.0223438
34.6413 1 0.0364473 0.00378567 0.0253262
34.6913 1 0.046277 0.0014659 0.00697895
34.7413 1 0.0375019 0.0020538 0.029537
34.7913 1 0.0816329 0.00553144 0.0365249
34.8413 1 0.0447428 0.00264679 0.0142364
34.8913 1 0.0683905 0.0111216 0.116303
34.9413 1 0.0813358 0.0131067 0.287679
34.9912 1 0.0519314 0.00101904 0.0192844
35.0412 1 0.0748313 0.00308857 0.094284
35.0912 1 0.00532277 0.0260204 0.0685945
35.1412 1 0.0221438 0.00412925 0.0558787
35.1912 1 0.049218 0.000606512 0.0364881
35.2412 1 0.118012 0.00983219 0.0142628
35.2912 1 0.120879 0.00128729 0.0446402
35.3412 1 0.032593 0.00271818 0.0266486
35.3911 1 0.0149076 0.00451584 0.0830026
35.4411 1 0.0748544 0.00693833 0.0589031
35.4911 1 0.0460007 0.00612858 0.0944644
35.5411 1 0.0401085 0.00408662 0.0164345
35.5911 1 0.0393424 0.0017191 0.0154859
35.6411 1 0.0432087 0.00251752 0.0484796
35.6911 1 0.0412956 0.00414688 0.0166515
35.7411 1 0.0603022 0.00282654 0.0528831
35.791 1 0.0844291 0.00118096 0.0544965
35.841 1 0.0523684 0.00225916 0.0227125
35.891 1 0.0499685 0.00559787 0.048179
35.941 1 0.0545681 0.00264621 0.00451683
35.991 1 0.0197267 0.00213461 0.0335611
36.041 1 0.0593533 0.000949716 0.00851985
36.091 1 0.0104816 0.00930642 0.136296
36.141 1 0.0466359 0.00635891 0.0470657
36.1909 1 0.0324595 0.00666716 0.0223741
36.2409 1 0.0634922 0.00401184 0.0126659
36.2909 1 0.0671833 0.00896603 0.246769
36.3409 1 0.0638742 0.00243684 0.0154716
36.3909 1 0.0615006 0.00330733 0.0737182
36.4409 1 0.024801 0.00190605 0.0258409
36.4909 1 0.137098 0.014687 0.0714061
36.5409 1 0.0364177 0.000975999 0.0086762
36.5908 1 0.0445365 0.00283234 0.0507125
36.6408 1 0.0628797 0.00312608 0.00440188
36.6908 1 0.0739426 0.0038692 0.0409454
36.7408 1 0.0995732 0.00107174 0.0559896
36.7908 1 0.0304778 0.00391308 0.0822882
36.8408 1 0.00683903 0.0047065 0.0504851
36.8908 1 0.228101 0.00805189 0.0890075
36.9408 1 0.0414193 0.00389039 0.056648
36.9907 1 0.259589 0.00565959 0.122657
37.0407 1 0.0578022 0.00205689 0.0310506
37.0907 1 0.137586 0.015586 0.0567393
37.1407 1 0.00782727 0.00677891 0.0446931
37.1907 1 0.104075 0.00630001 0.229999
37.2407 1 0.0438173 0.00144704 0.0650819
37.2907 1 0.251067 0.011307 0.34301
37.3407 1 0.253507 0.021375 0.226336
37.3906 1 0.136296 0.00137382 0.136811
37.4406 1 0.0791242 0.00796013 0.0132652
37.4906 1 0.0403593 0.00258485 0.0342036
37.5406 1 0.0757583 0.0042777 0.086959
37.5906 1 0.0905963 0.00289191 0.0370307
37.6406 1 0.0420362 0.00275008 0.0822956
37.6906 1 0.00214996 0.00037263 0.0387038
37.7406 1 0.0278285 0.00259657 0.0062074
37.7905 1 0.104131 0.00382607 0.11614
37.8405 1 0.0973376 0.00569044 0.162858
37.8905 1 0.0190785 0.00860841 0.0765365
37.9405 1 0.0417718 0.0101682 0.0978263
37.9905 1 0.0153712 0.00176231 0.125237
38.0405 1 0.136808 0.00600122 0.0761193
38.0905 1 0.017069 0.0221451 0.199094
38.1405 1 0.0784648 0.00848294 0.217789
38.1904 1 0.0377252 0.00536851 0.108412
38.2404 1 0.00208851 0.00129051 0.0104693
38.2904 1 0.0415096 0.00643848 0.0753934
38.3404 1 0.058515 0.0026415 0.011177
38.3904 1 0.064121 0.00411752 0.0539182
38.4404 1 0.0775821 0.0029163 0.0384207
38.4904 1 0.00169252 0.00608366 0.0590825
38.5404 1 0.0298957 0.00446851 0.0208607
38.5903 1 0.0332047 0.00311101 0.0229185
38.6403 1 0.0357606 0.00269617 0.0343531
38.6903 1 0.0665834 0.0060442 0.0268508
38.7403 1 0.108785 0.00208857 0.0920721
38.7903 1 0.0829358 0.00126771 0.0826112
38.8403 1 0.0852479 0.00331165 0.0325133
38.8903 1 0.0729389 0.00606709 0.0438588
38.9403 1 0.0143707 0.00178505 0.0364311
38.9902 1 0.0521899 0.00363051 0.0114777
39.0402 1 0.0533202 0.00208909 0.0218351
39.0902 1 0.0381979 0.00160361 0.0126626
39.1402 1 0.0493082 0.00341073 0.0183394
39.1902 1 0.028155 0.00154333 0.0697607
39.2402 1 0.0272628 0.00189105 0.0330562
39.2902 1 0.32052 0.0137538 0.208682
39.3402 1 0.0434243 0.00107365 0.0231151
39.3901 1 0.0592912 0.00166286 0.0132243
39.4401 1 0.0252265 0.00292483 0.0230078
39.4901 1 0.0586295 0.00201628 0.0350864
39.5401 1 0.0496105 0.00199214 0.0145346
39.5901 1 0.0367531 0.00919797 0.0439049
39.6401 1 0.0405973 0.00379908 0.0252175
39.6901 1 0.0577716 0.00641363 0.00836781
39.7401 1 0.0487113 0.000828459 0.0140903
39.79 1 0.0138996 0.00877563 0.0192045
39.84 1 0.04497 0.00469549 0.0119663
39.89 1 0.0377358 0.00246529 0.0094544
39.94 1 0.0404052 0.00312034 0.00358044
39.99 1 0.0401089 0.00377265 0.00549587
40.04 1 0.0437702 0.000811737 0.0121772
40.09 1 0.0481723 0.00486983 0.00791702
40.14 1 0.0450355 0.00537047 0.0159213
40.1899 1 0.0812192 0.00490808 0.0192427
40.2399 1 0.0920159 0.00588346 0.0134871
40.2899 1 0.0462541 0.0013236 0.000764865
40.3399 1 0.05067 0.00346987 0.00230157
40.3899 1 0.0697739 0.00572613 0.0184875
40.4399 1 0.0732312 0.00357118 0.00800359
40.4899 1 0.0997616 0.00580839 0.0225946
40.5399 1 0.0446531 0.00149872 0.00243088
40.5898 1 0.0353613 0.00181673 0.00411324
40.6398 1 0.0436266 0.000419723 0.00575399
40.6898 1 0.0170171 0.00273376 0.00312464
40.7398 1 0.0405138 0.00240838 0.00337268
40.7898 1 0.0399806 0.00304497 0.0107332
40.8398 1 0.0399488 0.00212467 0.000914873
40.8898 1 0.0410893 0.00153649 0.00212543
40.9398 1 0.0421427 0.00190928 0.00343062
40.9897 1 0.0344883 0.000999726 0.00232382
41.0397 1 0.0108234 0.00221475 0.00214784
41.0897 1 0.0239281 0.0018341 0.00139325
41.1397 1 0.0350031 0.00192675 0.000484337
41.1897 1 0.0786439 0.00337111 0.0044699
41.2397 1 0.0360204 0.00265615 0.00420324
41.2897 1 0.0335408 0.00161766 0.000762022
41.3397 1 0.0226969 0.00201865 0.00181331
41.3896 1 0.0293456 0.00228718 0.00106797
41.4396 1 0.0260739 0.00191404 0.000144261
41.4896 1 0.0307944 0.00246121 0.000902228
41.5396 1 0.0226299 0.00141684 0.00128866
41.5896 1 0.00926174 0.00242471 0.00132795
41.6396 1 0.0300237 0.00235103 0.000807939
41.6896 1 0.060476 0.00929708 0.00183411
41.7396 1 0.0270338 0.00202417 8.20449e-05
41.7895 1 0.026325 0.00298974 0.000161027
41.8395 1 0.0293863 0.00196604 0.000355381
41.8895 1 0.0271334 0.00239303 0.000195653
41.9395 1 0.029949 0.00225016 0.000123124
41.9895 1 0.0226838 0.003267 0.00040521
42.0395 1 0.0454256 0.00266804 0.000775841
42.0895 1 0.0187812 0.00145867 0.000178512
42.1395 1 0.0239111 0.00154443 0.000167514
42.1894 1 0.0252241 0.0019918 0.000149474
42.2394 1 0.0156403 0.000876533 0.00022347
42.2894 1 0.0303256 0.00129769 5.19897e-05
42.3394 1 0.0391964 0.000991761 0.000170007
42.3894 1 0.0301791 0.000821898 0.000210555
42.4394 1 0.0282924 0.00655782 0.00198627
42.4894 1 0.0260499 0.00156944 0.000335184
42.5394 1 0.0248273 0.00160284 0.000377502
42.5893 1 0.033054 0.00197138 0.000348948
42.6393 1 0.0246052 0.00179027 0.00089192
42.6893 1 0.0320585 0.000720769 0.00185069
42.7393 1 0.0323973 0.00198854 0.000402743
42.7893 1 0.0260899 0.00214942 0.000795163
42.8393 1 0.0239487 0.00126729 0.00160405
42.8893 1 0.0292758 0.000820697 0.00180348
42.9393 1 0.0331575 0.00134075 0.000426489
42.9892 1 0.0361366 0.00116834 0.00178292
43.0392 1 0.0224759 0.00161606 0.00118564
43.0892 1 0.0260406 0.000273308 0.00192369
43.1392 1 0.0363966 0.00263526 0.000471597
43.1892 1 0.0310577 0.00108819 0.00113365
43.2392 1 0.0207448 0.00088194 0.00266318
43.2892 1 0.0237317 0.00261307 0.00139456
43.3392 1 0.0306789 0.00235698 0.00224401
43.3891 1 0.0245147 0.00169744 0.0024954
43.4391 1 0.0277791 0.00165093 0.000590522
43.4891 1 0.023376 0.000748172 0.00482485
43.5391 1 0.0177699 0.00218747 0.00324052
43.5891 1 0.0440601 0.00108559 0.00152879
43.6391 1 0.0211232 0.00069416 0.00205814
43.6891 1 0.0247284 0.00131649 0.00150207
43.7391 1 0.0765592 0.00234052 0.00742944
43.789 1 0.0318139 0.00122397 0.00311032
43.839 1 0.0280039 0.00225112 0.00359995
43.889 1 0.016003 0.00344396 0.00339713
43.939 1 0.0149792 0.00222522 0.0133575
43.989 1 0.0209927 0.00177058 0.0109673
44.039 1 0.0106886 0.00246501 0.0153109
44.089 1 0.019583 0.00485968 0.02526
44.139 1 0.0273316 0.00441196 0.0106638
44.1889 1 0.0319825 0.000655475 0.00883716
44.2389 1 0.0228229 0.000811095 0.00593051
44.2889 1 0.0446307 0.00179623 0.0129357
44.3389 1 0.030007 0.000912828 0.00454618
44.3889 1 0.0301288 0.00272396 0.0357436
44.4389 1 0.0656516 0.00181945 0.0680931
44.4889 1 0.0235317 0.0033119 0.0042583
44.5389 1 0.027381 0.00228684 0.00650131
44.5888 1 0.0505445 0.00265226 0.0331659
44.6388 1 0.0300624 0.00577909 0.0147624
44.6888 1 0.0247793 0.00664976 0.0143002
44.7388 1 0.0234528 0.000763657 0.00333872
44.7888 1 0.0453116 0.00352343 0.00800723
44.8388 1 0.0319069 0.00984666 0.0268969
44.8888 1 0.031565 0.00186168 0.0175362
44.9388 1 0.0228552 0.000556921 0.0300602
44.9887 1 0.0409292 0.00586854 0.0258416
45.0387 1 0.0401976 0.00463386 0.027229
45.0887 1 0.0356712 0.00375082 0.0224464
45.1387 1 0.0712489 0.0200702 0.0592666
45.1887 1 0.0293088 0.00267928 0.0206289
45.2387 1 0.00605865 0.00284759 0.0137446
45.2887 1 0.0665992 0.00500541 0.0369792
45.3387 1 0.0390422 0.00267681 0.0102613
45.3886 1 0.0213213 0.00211762 0.00953201
45.4386 1 0.0788199 0.0019743 0.00309516
45.4886 1 0.0361444 0.00219064 0.0160756
45.5386 1 0.0307309 0.0036875 0.0246354
45.5886 1 0.0405292 0.00245429 0.00601827
45.6386 1 0.0260468 0.00216599 0.00425419
45.6886 1 0.0188321 0.00309748 0.0274552
45.7386 1 0.0295954 0.00160868 0.0140712
45.7885 1 0.0478011 0.00409527 0.00792017
45.8385 1 0.0137594 0.00040088 0.00996759
45.8885 1 0.0550914 0.000765788 0.0203443
45.9385 1 0.024167 0.00555735 0.02407
45.9885 1 0.0381508 0.0039485 0.00784813
46.0385 1 0.094477 0.0101479 0.173111
46.0885 1 0.0279042 0.00100505 0.0068929
46.1385 1 0.0270685 0.00142946 0.010281
46.1884 1 0.0555276 0.0040283 0.0165249
46.2384 1 0.0390144 0.00580322 0.0378319
46.2884 1 0.0461233 0.00468686 0.0117499
46.3384 1 0.100114 0.0044482 0.0378336
46.3884 1 0.0934873 0.00609334 0.0278313
46.4384 1 0.0416088 0.00286128 0.0108518
46.4884 1 0.0308424 0.00462962 0.0251355
46.5384 1 0.0454977 0.0048789 0.0133167
46.5883 1 0.0952005 0.00279696 0.0141688
46.6383 1 0.0322295 0.00369003 0.0445961
46.6883 1 0.0590708 0.00417669 0.0297479
46.7383 1 0.0412664 0.000214864 0.0180515
46.7883 1 0.0223832 0.00286552 0.0277529
46.8383 1 0.0459448 0.0012016 0.0155149
46.8883 1 0.0380779 0.00356964 0.00590701
46.9383 1 0.0348455 0.00214548 0.0140817
46.9882 1 0.0860456 0.00324786 0.00954442
47.0382 1 0.0423786 0.00155863 0.0360195
47.0882 1 0.0508218 0.000563828 0.0331298
47.1382 1 0.0372611 0.00182099 0.00472435
47.1882 1 0.0451645 0.00116594 0.00985611
47.2382 1 0.0222876 0.0101383 0.0217813
47.2882 1 0.0512256 0.00224809 0.0102747
47.3382 1 0.0608278 0.00538869 0.0519109
47.3881 1 0.00796236 0.0087194 0.048716
47.4381 1 0.10998 0.00660405 0.128765
47.4881 1 0.0242478 0.000709165 0.017581
47.5381 1 0.221396 0.0214944 0.225462
47.5881 1 0.050359 0.00315912 0.0281067
47.6381 1 0.0591849 0.00712436 0.0421181
47.6881 1 0.0415085 0.00588415 0.0409832
47.7381 1 0.0277168 0.00296836 0.0207482
47.788 1 0.0561272 0.00812925 0.0141141
47.838 1 0.0813364 0.00274904 0.0342049
47.888 1 0.0309766 0.00543902 0.0150965
47.938 1 0.0618962 0.000896869 0.0285853
47.988 1 0.0456504 0.00258398 0.0286006
48.038 1 0.055144 0.00229874 0.0129801
48.088 1 0.0586661 0.00376998 0.0119106
48.138 1 0.030413 0.00364219 0.0346203
48.1879 1 0.0227901 0.00309111 0.00653135
48.2379 1 0.0303687 0.00377378 0.0540451
48.2879 1 0.024277 0.00204196 0.0258727
48.3379 1 0.0202992 0.00160481 0.00490404
48.3879 1 0.0532655 0.00419075 0.0149302
48.4379 1 0.180168 0.0102377 0.184798
48.4879 1 0.0148914 0.00646593 0.0172509
48.5379 1 0.0919935 0.00292948 0.0724829
48.5878 1 0.0911548 0.00343728 0.0317075
48.6378 1 0.0334219 0.00291324 0.0188933
48.6878 1 0.0583984 0.000934054 0.0469926
48.7378 1 0.0309826 0.00107261 0.00622004
48.7878 1 0.0756659 0.00235892 0.0228374
48.8378 1 0.0284708 0.0164626 0.0609832
48.8878 1 0.0258422 0.00799911 0.0213906
48.9378 1 0.0464932 0.0140304 0.0172571
48.9877 1 0.0850373 0.0133256 0.0256073
49.0377 1 0.090837 0.00818876 0.031732
49.0877 1 0.0604901 0.00604821 0.0653407
49.1377 1 0.0205821 0.00164015 0.0209593
49.1877 1 0.032474 0.00407657 0.0270949
49.2377 1 0.0429031 0.0026342 0.0106008
49.2877 1 0.0375468 0.00308368 0.0254454
49.3377 1 0.0160067 0.00498571 0.0297084
49.3876 1 0.0415163 0.00649152 0.0323204
49.4376 1 0.0284936 0.00185616 0.00278741
49.4876 1 0.040664 0.00264991 0.0156466
49.5376 1 0.0287814 0.00495172 0.0415379
49.5876 1 0.0413834 0.00632658 0.0329045
49.6376 1 0.0993094 0.00775671 0.0169264
49.6876 1 0.0436377 0.00522789 0.142996
49.7376 1 0.060051 0.00153104 0.0372068
49.7875 1 0.0331404 0.00119583 0.0314912
49.8375 1 0.0242544 0.0107021 0.0324969
49.8875 1 0.0657341 0.00427923 0.0493942
49.9375 1 0.0382745 0.00423745 0.0139154
49.9875 1 0.0352136 0.00118428 0.00685195
50.0375 1 0.038278 0.00217045 0.0205848
50.0875 1 0.0254457 0.00247336 0.0360456
50.1375 1 0.0205948 0.00232243 0.0122442
50.1874 1 0.0212746 0.00511898 0.0379612
50.2374 1 0.0335686 0.00266331 0.0211718
50.2874 1 0.0583976 0.00112741 0.0185814
50.3374 1 0.0309323 0.00213741 0.0311162
50.3874 1 0.0219905 0.00201498 0.0117309
50.4374 1 0.134709 0.0287676 0.110368
50.4874 1 0.0278773 0.00456746 0.0235165
50.5374 1 0.0535036 0.00159509 0.0326597
50.5873 1 0.0226815 0.0006489 0.00234176
50.6373 1 0.0240496 0.00677473 0.0192862
50.6873 1 0.0619756 0.00229734 0.021078
50.7373 1 0.0537765 0.00491745 0.007225
50.7873 1 0.0919105 0.00473034 0.0548669
50.8373 1 0.039668 0.000916239 0.00859014
50.8873 1 0.0326358 0.00307483 0.0164878
50.9373 1 0.0246126 0.00988029 0.0229592
50.9872 1 0.0373578 0.00181147 0.00711106
51.0372 1 0.030155 0.00148856 0.0161452
51.0872 1 0.0887144 0.00655812 0.0416249
51.1372 1 0.0748022 0.00355205 0.0204536
51.1872 1 0.0157276 0.0087866 0.0547388
51.2372 1 0.0588773 0.00598754 0.0097993
51.2872 1 0.0258452 0.00345734 0.048557
51.3372 1 0.0435506 0.000741207 0.00199117
51.3871 1 0.0625481 0.00588123 0.0080419
51.4371 1 0.0789817 0.00954345 0.0165344
51.4871 1 0.054656 0.00866875 0.00920752
51.5371 1 0.0194612 0.00736227 0.0061812
51.5871 1 0.0293352 0.000802897 0.00165494
51.6371 1 0.025401 0.00897051 0.0200102
51.6871 1 0.00183509 0.00519325 0.0100696
51.7371 1 0.0452983 0.0124313 0.0138798
51.787 1 0.038659 0.005138 0.00255024
51.837 1 0.0418165 0.00205397 0.0104201
51.887 1 0.0526447 0.00353738 0.00574109
51.937 1 0.0216022 0.00322884 0.00301994
51.987 1 0.0356604 0.00182363 0.00248747
52.037 1 0.00965212 0.00443214 0.00822249
52.087 1 0.00772229 0.00197123 0.00188377
52.137 1 0.0873269 0.00506745 0.0179615
52.1869 1 0.0269932 0.00327876 0.00378618
52.2369 1 0.0286695 0.00199016 0.00280735
52.2869 1 0.0269253 0.000957516 0.00271958
52.3369 1 0.0429622 0.00156336 0.00554577
52.3869 1 0.0365432 0.00146431 0.00328897
52.4369 1 0.0242411 0.00308755 0.001925
52.4869 1 0.0283075 0.00757551 0.00388644
52.5369 1 0.0170838 0.000603612 0.00175252
52.5868 1 0.033773 0.0033667 0.00347269
52.6368 1 0.0162829 0.00300219 0.000862571
52.6868 1 0.0147078 0.00382749 0.00178826
52.7368 1 0.021962 0.00596596 0.00149139
52.7868 1 0.0225978 0.00837406 0.00359795
52.8368 1 0.0339503 0.0164714 0.00681815
52.8868 1 0.0207254 0.000912563 0.00162259
52.9368 1 1.43221 0.100316 0.044197
52.9867 1 0.00454629 0.00228029 0.00144864
53.0367 1 0.0231392 0.00618009 0.00494285
53.0867 1 0.0205337 0.00104868 0.00127722
53.1367 1 0.0284287 0.00185608 0.00172814
53.1867 1 0.0237204 0.00652058 0.00420594
53.2367 1 0.0261205 0.00217684 0.000974433
53.2867 1 0.0476854 0.00243049 0.00308594
53.3367 1 0.0277861 0.000960369 0.00532804
53.3866 1 0.0278301 0.00844808 0.0126931
53.4366 1 0.0403826 0.0046407 0.00342412
53.4866 1 0.0144761 0.00677047 0.0060979
53.5366 1 0.0177238 0.00217186 0.00150686
53.5866 1 0.0285108 0.00283073 0.00503793
53.6366 1 0.027683 0.0025547 0.00252005
53.6866 1 0.0405835 0.00150798 0.00694528
53.7366 1 0.06538 0.00906576 0.0237716
53.7865 1 0.0393667 0.0172996 0.0172153
53.8365 1 0.0197339 0.00146497 0.00419648
53.8865 1 0.0326994 0.0051187 0.00472253
53.9365 1 0.00837388 0.00370599 0.00221792
53.9865 1 0.0319683 0.00215082 0.000876876
54.0365 1 0.0196431 0.00354582 0.00155363
54.0865 1 0.0167797 0.000411486 0.00504193
54.1365 1 0.013008 0.00669495 0.00650157
54.1864 1 0.0143566 0.00126152 0.00298495
54.2364 1 0.00450087 0.00337784 0.0141667
54.2864 1 0.0106724 0.00211054 0.00365467
54.3364 1 0.0229049 0.00317434 0.00878935
54.3864 1 0.0335798 0.00649258 0.0219784
54.4364 1 0.0614485 0.00439614 0.00705758
54.4864 1 0.0124537 0.00622646 0.00645298
54.5364 1 0.0179442 0.00312663 0.0184434
54.5863 1 0.0289798 0.00320584 0.00479559
54.6363 1 0.0133842 0.00482198 0.00166404
54.6863 1 0.0250094 0.00296612 0.008012
54.7363 1 0.0127376 0.0040219 0.0250388
54.7863 1 0.0903295 0.0184658 0.0152578
54.8363 1 0.034362 0.0111089 0.0246418
54.8863 1 0.0141184 0.00298524 0.00327225
54.9363 1 0.0137959 0.00550225 0.00177141
54.9862 1 0.0169019 0.00240342 0.0130211
55.0362 1 0.058176 0.00200243 0.00405481
55.0862 1 0.0300144 0.000425698 0.00264198
55.1362 1 0.00118247 0.00275654 0.00226038
55.1862 1 0.0236617 0.00201869 0.00633189
55.2362 1 0.00696388 0.00226494 0.00173231
55.2862 1 0.018086 0.00179969 0.007683
55.3362 1 0.10377 0.00440522 0.0250331
55.3861 1 0.0182729 0.000501708 0.00294194
55.4361 1 0.0133892 0.00168456 0.0038451
55.4861 1 0.142335 0.00823514 0.0289133
55.5361 1 0.0452033 0.000950962 0.00610334
55.5861 1 0.0322483 0.00450309 0.0110551
55.6361 1 0.020923 0.00238284 0.00406972
55.6861 1 0.0233719 0.00444005 0.00890873
55.7361 1 0.0282743 0.00372265 0.00636303
55.786 1 0.125068 0.00925519 0.021363
55.836 1 0.0217027 0.00589358 0.0109402
55.886 1 0.0552342 0.00550718 0.00882197
55.936 1 0.025378 0.00473343 0.0058273
55.986 1 0.0399365 0.00176373 0.00310516
56.036 1 0.0509287 0.00244348 0.00604273
56.086 1 0.0440888 0.00274829 0.00360866
56.136 1 0.10579 0.00512714 0.0326754
56.1859 1 0.0501521 0.0022668 0.00566002
56.2359 1 0.0663939 0.0060858 0.0179134
56.2859 1 0.0179564 0.000648928 0.0110001
56.3359 1 0.0415309 0.000383974 0.00398216
56.3859 1 0.0423706 0.00384439 0.00171491
56.4359 1 0.00932446 0.00546726 0.0112271
56.4859 1 0.194691 0.00768063 0.0306858
56.5359 1 0.0868475 0.00436536 0.00438571
56.5858 1 0.0344962 0.00428536 0.000553964
56.6358 1 0.0395803 0.00208546 0.00514296
56.6858 1 0.046367 0.00255317 0.00335375
56.7358 1 0.0485102 0.00136665 0.0165701
56.7858 1 0.0422099 0.00401895 0.00537611
56.8358 1 0.0617247 0.00546229 0.0089992
56.8858 1 0.0244639 0.00514193 0.0169143
56.9358 1 0.0437316 0.00251432 0.0122763
56.9857 1 0.0488136 0.00373169 0.00431281
57.0357 1 0.0389188 0.0023483 0.00205002
57.0857 1 0.0217049 0.00273298 0.00673983
57.1357 1 0.0319391 0.00371096 0.00387489
57.1857 1 0.0430123 0.000602753 0.0143386
57.2357 1 0.0112107 0.00233202 0.00591089
57.2857 1 0.0283604 0.00333772 0.0140178
57.3357 1 0.0115808 0.00740532 0.00576775
57.3856 1 0.0164191 0.000577141 0.00539408
57.4356 1 0.0127833 0.000317367 0.00122513
57.4856 1 0.0358895 0.00383037 0.00365345
57.5356 1 0.0282695 0.00181994 0.00428825
57.5856 1 0.0630857 0.00414881 0.0129747
57.6356 1 0.0250131 0.00231735 0.00352242
57.6856 1 0.0238001 0.00218691 0.00362674
57.7356 1 0.0269468 0.00897513 0.0605921
57.7855 1 0.0767409 0.00525919 0.0296638
57.8355 1 0.032595 0.0047244 0.00387559
57.8855 1 0.0198 0.00468104 0.00599248
57.9355 1 0.0369366 0.00197043 0.00832165
57.9855 1 0.0403404 0.00481282 0.0075545
58.0355 1 0.0232907 0.00142382 0.0160734
58.0855 1 0.0388596 0.00177684 0.00477713
58.1355 1 0.0267077 0.00598312 0.00661177
58.1854 1 0.0176516 0.00160406 0.0147925
58.2354 1 0.0459553 0.002899 0.00936152
58.2854 1 0.0174438 0.0020508 0.0015623
58.3354 1 0.0308198 0.00394025 0.00926216
58.3854 1 0.0289294 0.00151962 0.0114183
58.4354 1 0.0948759 0.00731907 0.0475506
58.4854 1 0.0143977 0.0032465 0.00521578
58.5354 1 0.0255125 0.00179342 0.00542267
58.5853 1 0.0362411 0.00270572 0.0140494
58.6353 1 0.437777 0.0276017 0.167506
58.6853 1 0.161163 0.00669366 0.0777706
58.7353 1 0.0229248 0.00123017 0.0159373
58.7853 1 0.0387663 0.0061003 0.0370924
58.8353 1 0.0468587 0.00267795 0.0159859
58.8853 1 0.0267306 0.00408671 0.0204706
58.9353 1 0.120069 0.0333243 0.032665
58.9852 1 0.0296639 0.00246016 0.0261667
59.0352 1 0.0572361 0.00447339 0.0226057
59.0852 1 0.0283982 0.00427695 0.0115586
59.1352 1 0.0963639 0.00566282 0.00504861
59.1852 1 0.0321566 0.00461153 0.0276759
59.2352 1 0.18831 0.0256288 0.164573
59.2852 1 0.0620754 0.0043997 0.0148756
59.3352 1 0.00846076 0.00462903 0.0217721
59.3851 1 0.146489 0.0120889 0.079318
59.4351 1 0.110055 0.0047502 0.0311341
59.4851 1 0.0410471 0.00885311 0.020044
59.5351 1 0.0253618 0.00371567 0.00676749
59.5851 1 0.0208819 0.00903201 0.0345306
59.6351 1 0.0303447 0.00138149 0.0142326
59.6851 1 0.131119 0.0100833 0.0286325
59.7351 1 0.0575913 0.00588928 0.0142427
59.785 1 0.0242254 0.00242737 0.0100137
59.835 1 0.0330521 0.000485259 0.0224554
59.885 1 0.0825991 0.00951603 0.0601732
59.935 1 0.0507405 0.00241401 0.0163271
59.985 1 0.0377129 0.0011774 0.0196401
60.035 1 0.0655545 0.00599553 0.0334873
60.085 1 0.0481961 0.00887822 0.0433816
60.135 1 0.0128375 0.00952096 0.0175474
60.1849 1 0.0182491 0.00646469 0.0136475
60.2349 1 0.0270949 0.00735643 0.0172062
60.2849 1 0.0391782 0.00435935 0.0156316
60.3349 1 0.0883358 0.01324 0.0238768
60.3849 1 0.0428298 0.00188177 0.01796
60.4349 1 0.00674493 0.00276122 0.00969301
60.4849 1 0.0157291 0.00180749 0.014557
60.5349 1 0.0733954 0.000609848 0.00305586
60.5848 1 0.103075 0.0332145 0.128076
60.6348 1 0.0354007 0.00242973 0.0113217
60.6848 1 0.00911929 0.0043997 0.0128955
60.7348 1 0.0199425 0.000476083 0.00254088
60.7848 1 0.195466 0.0564909 0.0318164
60.8348 1 0.0595269 0.00759852 0.0967855
60.8848 1 0.0173902 0.00857064 0.00523275
60.9348 1 0.0110119 0.000556751 0.00383546
60.9847 1 0.019717 0.00607122 0.0152968
61.0347 1 0.0232183 0.00211791 0.0307582
61.0847 1 0.0251209 0.00218272 0.00820164
61.1347 1 0.034184 0.00610507 0.0127365
61.1847 1 0.0327334 0.00117237 0.0187148
61.2347 1 0.000663138 0.0043813 0.0159972
61.2847 1 0.0122449 0.00300351 0.0100145
61.3347 1 0.026631 0.00300986 0.018291
61.3846 1 0.0163968 0.00309399 0.00823176
61.4346 1 0.0631922 0.00226725 0.0159265
61.4846 1 0.0993584 0.00520671 0.0220863
61.5346 1 0.156363 0.00693398 0.0670926
61.5846 1 0.0263654 0.00610052 0.0125525
61.6346 1 0.0449491 0.0110279 0.0271738
61.6846 1 0.0134131 0.00555294 0.00359101
61.7346 1 0.0836903 0.0193741 0.0708555
61.7845 1 0.0593383 0.00207508 0.0255768
61.8345 1 0.0789731 0.0137249 0.0373549
61.8845 1 0.0462152 0.00326867 0.00609365
61.9345 1 0.115333 0.0111209 0.00868165
61.9845 1 0.0544338 0.00223072 0.00462613
62.0345 1 0.0259147 0.001592 0.0140537
62.0845 1 0.0219515 0.00269627 0.00355056
62.1345 1 0.152174 0.00989259 0.0530481
62.1844 1 0.236481 0.0103099 0.020786
62.2344 1 0.0101318 0.00138618 0.00708567
62.2844 1 0.0340572 0.00173544 0.00486609
62.3344 1 0.00781375 0.00270993 0.00533155
62.3844 1 0.0409212 0.00720053 0.00330424
62.4344 1 0.180002 0.0135258 0.00768971
62.4844 1 0.014629 0.00232762 0.00216627
62.5344 1 0.0195784 0.00438462 0.00606559
62.5843 1 0.0278388 0.00398608 0.000887658
62.6343 1 0.0494763 0.00576019 0.00550138
62.6843 1 0.192596 0.0142597 0.0115377
62.7343 1 0.0552134 0.00342501 0.00201395
62.7843 1 0.0556077 0.00180818 0.00261875
62.8343 1 0.0588832 0.00666118 0.0104273
62.8843 1 0.0717791 0.00966077 0.00698811
62.9343 1 0.0466872 0.00415883 0.00264491
62.9842 1 0.0867794 0.00972351 0.00266683
63.0342 1 0.0228707 0.00455037 0.00385044
63.0842 1 0.021226 0.00470332 0.002338
63.1342 1 0.0442618 0.00495094 0.0033244
63.1842 1 0.0294983 0.00179069 0.0015955
63.2342 1 0.0115978 0.00662133 0.00229634
63.2842 1 0.142379 0.0173121 0.00557112
63.3342 1 0.0293124 0.00508065 0.00617153
63.3841 1 0.0750956 0.0122905 0.00649027
63.4341 1 0.0366887 0.00568587 0.00820926
63.4841 1 0.0368071 0.00286614 0.00528604
63.5341 1 0.113226 0.00890681 0.0103417
63.5841 1 0.0221294 0.00848075 0.00675528
63.6341 1 0.0973164 0.0093129 0.0142893
63.6841 1 0.0367988 0.00154863 0.00864165
63.7341 1 0.0843104 0.00630271 0.00516258
63.784 1 0.113381 0.0221033 0.0522667
63.834 1 0.0357753 0.00225607 0.0032685
63.884 1 0.0197514 0.00337148 0.00788049
63.934 1 0.0244266 0.00326865 0.0030723
63.984 1 0.0129643 0.00503682 0.00605995
64.034 1 0.0300571 0.00549839 0.00296324
64.084 1 0.0365074 0.00350971 0.0054189
64.134 1 0.0300568 0.00183865 0.0153236
64.1839 1 0.0342265 0.000678658 0.000744478
64.2339 1 0.0568737 0.00386574 0.0063154
64.2839 1 0.0153552 0.00532246 0.00682819
64.3339 1 0.103291 0.0150998 0.025506
64.3839 1 0.0711609 0.00401634 0.00301842
64.4339 1 0.0283254 0.00122645 0.00207088
64.4839 1 0.0122739 0.00325655 0.00422584
64.5339 1 0.0208604 0.00446763 0.0211217
64.5838 1 0.00759505 0.00449431 0.00832617
64.6338 1 0.0235079 0.00321584 0.00356498
64.6838 1 0.0897155 0.00145502 0.0207642
64.7338 1 0.0324102 0.00608301 0.0045272
64.7838 1 0.0364017 0.00960596 0.0352391
64.8338 1 0.0147209 0.00347792 0.0260985
64.8838 1 0.0775341 0.00276856 0.00384991
64.9338 1 0.0255977 0.00379098 0.012127
64.9837 1 0.0148804 0.00144741 0.00262513
65.0337 1 0.0296709 0.00572006 0.00928405
65.0837 1 0.0303969 0.00356617 0.00472538
65.1337 1 0.0721791 0.00839602 0.0108752
65.1837 1 0.0294228 0.000746309 0.00985734
65.2337 1 0.0419779 0.00234164 0.0121055
65.2837 1 0.0166164 0.00112088 0.0261441
65.3337 1 0.0282745 0.00282505 0.00657247
65.3836 1 0.0367203 0.00448232 0.00975627
65.4336 1 0.0364519 0.00210146 0.0200502
65.4836 1 0.0227545 0.00324751 0.0102955
65.5336 1 0.0547109 0.00340763 0.0130469
65.5836 1 0.127865 0.00375545 0.0654761
65.6336 1 0.239897 0.0256754 0.0214962
65.6836 1 0.0564168 0.00394056 0.018569
65.7336 1 0.0578697 0.00531925 0.0364165
65.7835 1 0.0504358 0.0035314 0.00684541
65.8335 1 0.0351527 0.00339539 0.0102482
65.8835 1 0.0465108 0.00431232 0.00430101
65.9335 1 0.0191939 0.00143366 0.0115157
65.9835 1 0.245579 0.0132274 0.124014
66.0335 1 0.057691 0.00562565 0.0224461
66.0835 1 0.0829074 0.00337655 0.00964625
66.1335 1 0.163185 0.0207271 0.00794553
66.1834 1 0.054999 0.00193581 0.0210905
66.2334 1 0.0429581 0.00160943 0.00958855
66.2834 1 0.0294659 0.00251956 0.00929502
66.3334 1 0.0222405 0.00524568 0.00900298
66.3834 1 0.0405467 0.00665171 0.0104055
66.4334 1 0.061474 0.00415699 0.0402482
66.4834 1 0.0621461 0.00817727 0.0802356
66.5334 1 0.0378463 0.00148174 0.00307745
66.5833 1 0.0563573 0.00442117 0.0326406
66.6333 1 0.024815 0.00294722 0.0479097
66.6833 1 0.072232 0.00850861 0.0468248
66.7333 1 0.0730086 0.00396935 0.0100378
66.7833 1 0.0205337 0.000912388 0.000762488
66.8333 1 0.0354602 0.00201918 0.0177849
66.8833 1 0.0625765 0.00410592 0.0228022
66.9333 1 0.0658495 0.00419411 0.0465535
66.9832 1 0.0787862 0.000745629 0.0059241
67.0332 1 0.135991 0.00624872 0.0096333
67.0832 1 0.00970808 0.0077504 0.0270232
67.1332 1 0.0156808 0.00459842 0.0141235
67.1832 1 0.0284176 0.00164241 0.00226058
67.2332 1 0.262863 0.0341925 0.208763
67.2832 1 0.00385362 0.00376715 0.00742068
67.3332 1 0.0272012 0.000923526 0.00477703
67.3831 1 0.0677608 0.000968457 0.0215639
67.4331 1 0.0830678 0.00177838 0.0306182
67.4831 1 0.0546995 0.00385961 0.00642793
67.5331 1 0.163676 0.0188459 0.0942053
67.5831 1 0.0418548 0.000510614 0.0123684
67.6331 1 0.0447054 0.00279747 0.005841
67.6831 1 0.116315 0.00587353 0.0816497
67.7331 1 0.0158805 0.00255546 0.00324854
67.783 1 0.098128 0.00445588 0.0129538
67.833 1 0.105825 0.00739928 0.021521
67.883 1 0.0821692 0.00587592 0.0114378
67.933 1 0.0268851 0.00794272 0.00716332
67.983 1 0.0662989 0.0059722 0.00742101
68.033 1 0.0223647 0.00479216 0.0361156
68.083 1 0.0502185 0.000830849 0.010329
68.133 1 0.218342 0.0230759 0.0725287
68.1829 1 0.072613 0.00276848 0.0117386
68.2329 1 0.100282 0.00448909 0.0252034
68.2829 1 0.0412193 0.00456181 0.00442052
68.3329 1 0.0386164 0.0037276 0.0101972
68.3829 1 0.138477 0.0107849 0.0162897
68.4329 1 0.0552766 0.00270046 0.0231027
68.4829 1 0.0354666 0.00309965 0.0130555
68.5329 1 0.106083 0.00856571 0.0396743
68.5828 1 0.0256956 0.00223401 0.00898664
68.6328 1 0.0348417 0.000341769 0.00809773
68.6828 1 0.0881609 0.00348556 0.00476931
68.7328 1 0.0769854 0.00781072 0.00796291
68.7828 1 0.0272884 0.00566339 0.0152105
68.8328 1 0.138296 0.00504269 0.0227289
68.8828 1 0.15652 0.0102564 0.0108222
68.9328 1 0.0374771 0.00307403 0.033832
68.9827 1 0.0257438 0.00437783 0.0213815
69.0327 1 0.0700762 0.0110055 0.0210504
69.0827 1 0.0583639 0.00213756 0.0214968
69.1327 1 0.0684955 0.00509968 0.00532284
69.1827 1 0.0186731 0.00210508 0.00283166
69.2327 1 0.0525637 0.00485901 0.0229669
69.2827 1 0.1238 0.00513505 0.00791329
69.3327 1 0.0616206 0.0015263 0.00864645
69.3826 1 0.0875034 0.00928503 0.0164317
69.4326 1 0.0697396 0.00337934 0.0116171
69.4826 1 0.0709371 0.00460963 0.0152469
69.5326 1 0.0922303 0.00541674 0.0100886
69.5826 1 0.158844 0.00540453 0.0096041
69.6326 1 0.0210049 0.00160426 0.0118914
69.6826 1 0.0479357 0.00410535 0.00414473
69.7326 1 0.0628562 0.00214498 0.00306551
69.7825 1 0.0651396 0.002919 0.00474123
69.8325 1 0.045098 0.00344905 0.00648564
69.8825 1 0.0948529 0.00784471 0.00245424
69.9325 1 0.0413441 0.0025944 0.00344864
69.9825 1 0.0342516 0.00314585 0.00623219
70.0325 1 0.105191 0.00202151 0.00424137
70.0825 1 0.0454195 0.00163814 0.00485778
70.1325 1 0.0638543 0.00177388 0.00194869
70.1824 1 0.065831 0.00170459 0.00419111
70.2324 1 0.0796426 0.00590227 0.0153248
70.2824 1 0.0387956 0.00279915 0.00255685
70.3324 1 0.0521947 0.00362781 0.00226919
70.3824 1 0.0730649 0.00419228 0.0148964
70.4324 1 0.0644594 0.00384785 0.0167244
70.4824 1 0.0804091 0.00251449 0.00294585
70.5324 1 0.0437743 0.000248952 0.00323997
70.5823 1 0.0633565 0.00170878 0.000633525
70.6323 1 0.0941095 0.00330074 0.00128771
70.6823 1 0.0710271 0.00127914 0.00348903
70.7323 1 0.0407903 0.00125169 0.00498114
70.7823 1 0.038829 0.00533419 0.0096547
70.8323 1 0.0762766 0.0047583 0.00294256
70.8823 1 0.0677173 0.00393082 0.0032023
70.9323 1 0.0661563 0.00298055 0.00442566
70.9822 1 0.0556669 0.00107221 0.00113642
71.0322 1 0.0547585 0.00138845 0.00326083
71.0822 1 0.0948 0.0031652 0.00091815
71.1322 1 0.0796377 0.0066821 0.00781261
71.1822 1 0.0815927 0.00445984 0.00321884
71.2322 1 0.119449 0.0030206 0.00328071
71.2822 1 0.0516113 0.000726682 0.00245909
71.3322 1 0.0300949 0.00332388 0.00134215
71.3821 1 0.0790409 0.00079363 0.00443094
71.4321 1 0.0291676 0.00360348 0.00367491
71.4821 1 0.0297533 0.000839684 0.00244447
71.5321 1 0.0689939 0.00186656 0.00640654
71.5821 1 0.201124 0.0125925 0.00739746
71.6321 1 0.0848075 0.0035407 0.00392521
71.6821 1 0.0659038 0.00336507 0.00548926
71.7321 1 0.0804725 0.000916422 0.00881842
71.782 1 0.0187339 0.00901522 0.0127331
71.832 1 0.0352258 0.00157346 0.00136991
71.882 1 0.0506573 0.00193149 0.000706472
71.932 1 0.047736 0.000700728 0.0023376
71.982 1 0.0466907 0.00264902 0.00317707
72.032 1 0.0800716 0.000702757 0.00701218
72.082 1 0.0646769 0.00243375 0.00209591
72.132 1 0.0710263 0.000851023 0.00430135
72.1819 1 0.0392616 0.00644001 0.00451652
72.2319 1 0.0814009 0.00565185 0.00849071
72.2819 1 0.0600239 0.00307357 0.000407987
72.3319 1 0.0613797 0.00694189 0.00137943
72.3819 1 0.0763967 0.00762131 0.0084579
72.4319 1 0.0478467 0.0108619 0.00776039
72.4819 1 0.107428 0.00315712 0.00506967
72.5319 1 0.0957608 0.00590198 0.00221177
72.5818 1 0.118052 0.00727874 0.00290325
72.6318 1 0.160792 0.00976393 0.0170994
72.6818 1 0.0345149 0.00367051 0.00984948
72.7318 1 0.277333 0.000535801 0.0150402
72.7818 1 0.0818809 0.00393455 0.00585075
72.8318 1 0.0313747 9.26257e-05 0.000880027
72.8818 1 0.057409 0.011587 0.00653898
72.9318 1 0.277678 0.0209148 0.0164531
72.9817 1 0.0902769 0.00377625 0.00237853
73.0317 1 0.1776 0.00918296 0.00135714
73.0817 1 0.0545746 0.00700181 0.00277608
73.1317 1 0.169745 0.0322082 0.00931444
73.1817 1 0.0363119 0.00170276 0.00138743
73.2317 1 0.0721175 0.0114688 0.00270149
73.2817 1 0.0517284 0.00580903 0.00555252
73.3317 1 0.0437432 0.00408822 0.00198346
73.3816 1 0.0544005 0.00462774 0.000579146
73.4316 1 0.0977129 0.016008 0.00213763
73.4816 1 0.277952 0.0377445 0.0107894
73.5316 1 0.0732417 0.00323328 0.00144893
73.5816 1 0.0676533 0.00687467 0.00354898
73.6316 1 0.0162505 0.00505935 0.00194884
73.6816 1 0.102021 0.00427636 0.00179491
73.7316 1 0.135247 0.0049188 0.00368996
73.7815 1 0.0593788 0.0106335 0.00235166
73.8315 1 0.0747648 0.0103852 0.000813333
73.8815 1 0.1388 0.0126837 0.00545633
73.9315 1 0.149375 0.0194171 0.00663443
73.9815 1 0.107329 0.00987033 0.00185796
74.0315 1 0.038169 0.00448598 0.00062259
74.0815 1 0.0500287 0.00284075 0.0029842
74.1315 1 0.0956426 0.00653144 0.00516312
74.1814 1 0.00696251 0.000470191 0.00113299
74.2314 1 0.0171309 0.00282568 0.00115195
74.2814 1 0.0707748 0.00240176 0.00523294
74.3314 1 0.053029 0.00314421 0.00181038
74.3814 1 0.0680805 0.00407408 0.00482262
74.4314 1 0.050039 0.00796951 0.00364798
74.4814 1 0.426037 0.0307602 0.0108427
74.5314 1 0.151073 0.00310487 0.0089487
74.5813 1 0.0288207 0.010885 0.00942259
74.6313 1 0.0360096 0.00271557 0.00395639
74.6813 1 0.19456 0.00881194 0.0117609
74.7313 1 0.0348365 0.00112318 0.00367295
74.7813 1 0.0820284 0.00589943 0.00562294
74.8313 1 0.0614851 0.00308854 0.00294208
74.8813 1 0.615682 0.0263689 0.112573
74.9313 1 0.0623629 0.00345888 0.001231
74.9812 1 0.0884943 0.00751175 0.00860295
75.0312 1 0.176656 0.00705157 0.014416
75.0812 1 0.0402672 0.00526967 0.0128207
75.1312 1 0.127667 0.00652552 0.0181663
75.1812 1 0.0624655 0.00241225 0.000946464
75.2312 1 0.0963761 0.00134034 0.0101736
75.2812 1 0.0564831 0.00482477 0.00245362
75.3312 1 0.110258 0.00661286 0.0221299
75.3811 1 0.0956812 0.00562353 0.00921432
75.4311 1 0.0886327 0.00346255 0.0107039
75.4811 1 0.103295 0.0101264 0.0221866
75.5311 1 0.0543743 0.0106626 0.0144391
75.5811 1 0.0249765 0.00556083 0.00919078
75.6311 1 0.112088 0.00211248 0.00570844
75.6811 1 0.03738 0.00768207 0.0231157
75.7311 1 0.126195 0.0028957 0.0361258
75.781 1 0.0645132 0.00179257 0.0174908
75.831 1 0.0669239 0.00316008 0.0182178
75.881 1 0.714195 0.0450007 0.180462
75.931 1 0.0315009 0.0014235 0.0109526
75.981 1 0.0535992 0.00311081 0.0174252
76.031 1 0.106227 0.00329805 0.0108434
76.081 1 0.0890512 0.00310528 0.0103716
76.131 1 0.364026 0.0457638 0.0364517
76.1809 1 0.0990869 0.0131709 0.0334871
76.2309 1 0.114984 0.00384451 0.027379
76.2809 1 0.0675515 0.00642922 0.010658
76.3309 1 0.0677791 0.00391277 0.0258828
76.3809 1 0.0458963 0.00392792 0.0197816
76.4309 1 0.0244046 0.00235083 0.013214
76.4809 1 0.0864128 0.00717842 0.0108946
76.5309 1 0.0482317 0.00132662 0.000320647
76.5808 1 0.0892987 0.00588271 0.013464
76.6308 1 0.0510961 0.00358468 0.0258594
76.6808 1 0.174772 0.0131465 0.00673827
76.7308 1 0.180444 0.0116795 0.0266198
76.7808 1 1.37256 0.0879849 0.217388
76.8308 1 0.10807 0.00802172 0.0230821
76.8808 1 0.176076 0.00698248 0.0398245
76.9308 1 0.0750993 0.00416724 0.00763107
76.9807 1 0.0755647 0.00768531 0.0219809
77.0307 1 0.0560137 0.00488485 0.0134501
77.0807 1 0.0734322 0.00178138 0.0133566
77.1307 1 0.551246 0.0487189 0.0421217
77.1807 1 0.0793337 0.00366682 0.00772287
77.2307 1 0.0614081 0.00297301 0.0357845
77.2807 1 0.0655552 0.00184023 0.00949822
77.3307 1 0.0512907 0.00476551 0.0213371
77.3806 1 0.660415 0.033247 0.194554
77.4306 1 0.107987 0.00473327 0.0174664
77.4806 1 0.0192771 0.00463873 0.0345985
77.5306 1 0.0775129 0.00202303 0.0192781
77.5806 1 0.109829 0.0113135 0.0191743
77.6306 1 0.0542652 0.00975886 0.0357559
77.6806 1 0.0734543 0.00227322 0.0571586
77.7306 1 0.0313556 0.00225213 0.0060488
77.7805 1 0.125066 0.00338341 0.00808417
77.8305 1 0.0952642 0.00539649 0.0297231
77.8805 1 0.0767204 0.00436828 0.00773694
77.9305 1 0.0732783 0.00735853 0.022958
77.9805 1 0.0737746 0.00967229 0.0871042
78.0305 1 0.0484881 0.00458919 0.0408508
78.0805 1 0.150515 0.00726223 0.0146709
78.1305 1 0.1775 0.00265197 0.0139296
78.1804 1 0.0500723 0.0105971 0.0187323
78.2304 1 0.194685 0.0107361 0.065203
78.2804 1 0.0749427 0.00674521 0.0187392
78.3304 1 0.0867611 0.00344841 0.0310794
78.3804 1 0.191688 0.00816054 0.0436757
78.4304 1 0.0298294 0.00419753 0.0181495
78.4804 1 0.298989 0.0302142 0.106365
78.5304 1 0.393937 0.0119585 0.0385506
78.5803 1 0.0312608 0.00813871 0.0661062
78.6303 1 0.0454814 0.00188245 0.0485113
78.6803 1 0.287455 0.0143705 0.0295784
78.7303 1 0.0877803 0.00156217 0.00517567
78.7803 1 0.0940866 0.00454154 0.0347871
78.8303 1 0.0637146 0.000466971 0.00973466
78.8803 1 0.074739 0.00612986 0.0142566
78.9303 1 0.0220573 0.00274 0.0204237
78.9802 1 0.167697 0.00637727 0.0528308
79.0302 1 0.0726589 0.00897302 0.0408151
79.0802 1 0.0580979 0.0066732 0.00166941
79.1302 1 0.0195286 0.00308037 0.0222444
79.1802 1 0.212296 0.00490232 0.0373131
79.2302 1 0.0493182 0.00507144 0.0218217
79.2802 1 0.159221 0.00916782 0.0227284
79.3302 1 0.0408949 0.00125164 0.0398647
79.3801 1 0.0639263 0.00961925 0.0473338
79.4301 1 0.0688541 0.00569702 0.00780083
79.4801 1 0.106134 0.0150581 0.0350468
79.5301 1 0.267615 0.0150194 0.0183598
79.5801 1 0.0584978 0.00144027 0.0116071
79.6301 1 0.00688221 0.00738103 0.030429
79.6801 1 0.0599078 0.00494597 0.0202576
79.7301 1 0.0459613 0.00418814 0.0165188
79.78 1 0.0848326 0.00192318 0.0223014
79.83 1 0.0219633 0.000628688 0.0117342
79.88 1 0.326946 0.0385082 0.017997
79.93 1 0.0504093 0.00762447 0.0238338
79.98 1 0.104169 0.0101972 0.0414345
80.03 1 0.127832 0.00646537 0.033409
80.08 1 0.0181188 0.00430739 0.00793633
80.13 1 0.0451192 0.0052388 0.0247718
80.1799 1 0.016161 0.00112371 0.00893876
80.2299 1 0.0374022 0.00165904 0.00224908
80.2799 1 0.101236 0.00884669 0.0314371
80.3299 1 0.0186157 0.00206552 0.0119828
80.3799 1 0.0378927 0.00535524 0.0114514
80.4299 1 0.0436016 0.00592104 0.0170275
80.4799 1 0.0497617 0.00150868 0.0181537
80.5299 1 0.130394 0.0155003 0.0472078
80.5798 1 0.0979694 0.0084409 0.0127158
80.6298 1 0.0306552 0.00224984 0.00605318
80.6798 1 0.0271361 0.00262343 0.0137241
80.7298 1 0.0675584 0.010181 0.0844555
80.7798 1 0.0286153 0.00221904 0.00445047
80.8298 1 0.0569045 0.0106669 0.0296055
80.8798 1 0.0455407 0.000314943 0.00947194
80.9298 1 0.0823737 0.00496472 0.039633
80.9797 1 0.072576 0.0137267 0.0730597
81.0297 1 0.0254879 0.00459637 0.0545613
81.0797 1 0.0544375 0.00245158 0.0179009
81.1297 1 0.0236099 0.00480528 0.0156035
81.1797 1 0.0317506 0.00677346 0.0298639
81.2297 1 0.0854823 0.00667204 0.0448271
81.2797 1 0.0247856 0.00561712 0.0195432
81.3297 1 0.0680401 0.00482754 0.00654055
81.3796 1 0.0521836 0.00446422 0.00924279
81.4296 1 0.0920409 0.0058967 0.0134874
81.4796 1 0.0214048 0.00792393 0.0190012
81.5296 1 0.0832151 0.0181663 0.0780712
81.5796 1 0.27752 0.0194055 0.0340043
81.6296 1 0.0585437 0.00104726 0.00195688
81.6796 1 0.0421508 0.00305589 0.0075981
81.7296 1 0.39054 0.0344223 0.103942
81.7795 1 0.0250687 0.000897745 0.00473142
81.8295 1 0.0653547 0.00207583 0.00798074
81.8795 1 0.115313 0.0113882 0.0299196
81.9295 1 0.0494414 0.00397425 0.00513065
81.9795 1 0.0748203 0.00224608 0.00674593
82.0295 1 0.0912689 0.00247028 0.0101656
82.0795 1 0.091418 0.0171838 0.00602695
82.1295 1 0.0748816 0.00996847 0.0119351
82.1794 1 0.241096 0.011153 0.0251165
82.2294 1 0.0385662 0.00392782 0.0102352
82.2794 1 0.0497419 0.00169687 0.00203644
82.3294 1 0.0584425 0.00157993 0.013527
82.3794 1 0.1411 0.010256 0.0179981
82.4294 1 0.0516629 0.00555871 0.0245223
82.4794 1 0.0790445 0.00814903 0.00337792
82.5294 1 0.0767815 0.00447226 0.0167034
82.5793 1 0.031038 0.00231875 0.00350601
82.6293 1 0.0544476 0.00432883 0.0109093
82.6793 1 0.0361977 0.0115109 0.0167101
82.7293 1 0.079093 0.00283225 0.00441791
82.7793 1 0.570812 0.0382459 0.0522418
82.8293 1 0.0320299 0.00715496 0.0117051
82.8793 1 0.0846179 0.00972525 0.00738057
82.9293 1 0.0552054 0.00784969 0.00962425
82.9792 1 0.0365311 0.00579132 0.00338655
83.0292 1 0.00817981 0.000647326 0.00189317
83.0792 1 0.0573974 0.00170276 0.00208756
83.1292 1 0.0425362 0.00254433 0.0039901
83.1792 1 0.0628782 0.00202277 0.00653704
83.2292 1 0.218964 0.0101025 0.00362412
83.2792 1 0.0551671 0.00705519 0.00264072
83.3292 1 0.109755 0.0103868 0.00319768
83.3791 1 0.019094 0.0049845 0.00916301
83.4291 1 0.0321391 0.00328549 0.00317147
83.4791 1 0.0199923 0.0168748 0.00285921
83.5291 1 0.146779 0.0158393 0.00933534
83.5791 1 0.0277452 0.00678218 0.00182072
83.6291 1 0.413953 0.0275872 0.00642862
83.6791 1 0.331878 0.0151822 0.00722276
83.7291 1 0.110216 0.00302883 0.003411
83.779 1 0.087824 0.00595852 0.00199527
83.829 1 0.0640166 0.00343928 0.000215059
83.879 1 0.0232881 0.012415 0.00284104
83.929 1 0.0503206 0.0174229 0.00245966
83.979 1 0.249563 0.0522188 0.0158722
84.029 1 0.121881 0.0119631 0.00276875
84.079 1 0.0855184 0.0067315 0.000539235
84.129 1 0.0831626 0.00824044 0.00121553
84.1789 1 0.144501 0.00870771 0.00124064
84.2289 1 0.0814994 0.00493574 0.000505152
84.2789 1 0.0804739 0.00721084 0.000911548
84.3289 1 0.192003 0.0230446 0.00288286
84.3789 1 0.0405164 0.0137176 0.00214176
84.4289 1 0.0565118 0.00395571 0.000884587
84.4789 1 0.105509 0.00916109 0.00293861
84.5289 1 0.0428081 0.00360325 0.000994784
84.5788 1 0.111531 0.014361 0.00303449
84.6288 1 0.0226525 0.00728918 0.00109354
84.6788 1 0.140125 0.00430673 0.00286705
84.7288 1 0.0776932 0.00187935 0.00151972
84.7788 1 0.0911436 0.00374045 0.00201104
84.8288 1 0.0364708 0.00854615 0.00202341
84.8788 1 0.137483 0.00390128 0.00272877
84.9288 1 0.419152 0.0184479 0.0150134
84.9787 1 0.0275059 0.00211411 0.00331699
85.0287 1 0.113398 0.00381406 0.00249479
85.0787 1 0.071837 0.00170003 0.00546327
85.1287 1 0.231363 0.00809519 0.0129532
85.1787 1 0.720103 0.0324499 0.00345603
85.2287 1 0.350973 0.0103886 0.0102759
85.2787 1 0.0272538 0.00466389 0.00654055
85.3287 1 0.0493445 0.00371177 0.0013652
85.3786 1 0.0436233 0.00278564 0.00576124
85.4286 1 0.066267 0.00755109 0.00645585
85.4786 1 0.0642991 0.0103229 0.000909997
85.5286 1 0.036 0.00312092 0.00160699
85.5786 1 0.0340626 0.00223916 0.000854698
85.6286 1 0.0407331 0.00301564 0.00690598
85.6786 1 0.0158209 0.00304133 0.00291053
85.7286 1 0.412518 0.00883549 0.0136045
85.7785 1 0.021366 0.00194794 0.00301271
85.8285 1 0.0306378 0.00138974 0.0066567
85.8785 1 0.0304435 0.00480096 0.00611491
85.9285 1 0.0276818 0.00122975 0.0114776
85.9785 1 0.0256662 0.00426925 0.00750545
86.0285 1 0.0437012 0.00395708 0.012943
86.0785 1 0.0194212 0.00393389 0.00924633
86.1285 1 0.0581922 0.0114508 0.00964245
86.1784 1 0.0634923 0.00630382 0.0141724
86.2284 1 0.0328543 0.00508568 0.04073
86.2784 1 0.0704973 0.00705063 0.0161837
86.3284 1 0.0321901 0.00152236 0.0125783
86.3784 1 0.0801126 0.0183264 0.025703
86.4284 1 0.0845879 0.00494258 0.0187804
86.4784 1 0.0654649 0.00164655 0.00561218
86.5284 1 0.0437249 0.0019833 0.00299582
86.5783 1 0.0203023 0.00206618 0.00207317
86.6283 1 0.0234413 0.00397887 0.00406461
86.6783 1 0.155854 0.016209 0.0215463
86.7283 1 0.0410046 0.00251924 0.00478401
86.7783 1 0.0639975 0.00198165 0.00774714
86.8283 1 0.0280358 0.0033263 0.0144147
86.8783 1 0.109003 0.0137598 0.0337185
86.9283 1 0.0317025 0.00656265 0.00363925
86.9782 1 0.0412761 0.00381331 0.0150529
87.0282 1 0.0454347 0.00346951 0.0025822
87.0782 1 0.0157136 0.00195724 0.00959161
87.1282 1 0.125383 0.0125074 0.0166109
87.1782 1 0.0473904 0.00362992 0.0176137
87.2282 1 0.0485958 0.00411621 0.00695356
87.2782 1 0.0595952 0.000758175 0.0111533
87.3282 1 0.0562053 0.00287645 0.0197241
87.3781 1 0.025584 0.00289916 0.0259871
87.4281 1 0.0524923 0.0116645 0.0506043
87.4781 1 0.0384139 0.00170849 0.0193593
87.5281 1 0.0191187 0.0106678 0.0212044
87.5781 1 0.105125 0.00817297 0.0298915
87.6281 1 0.0658112 0.0011742 0.013934
87.6781 1 0.112829 0.00681521 0.0226644
87.7281 1 0.0657385 0.00845073 0.0398424
87.778 1 0.0417163 0.00985666 0.0296711
87.828 1 0.0382024 0.00596107 0.0038805
87.878 1 0.0476923 0.00608475 0.0224941
87.928 1 0.0257732 0.00190262 0.0185007
87.978 1 0.0629865 0.00542188 0.0151165
88.028 1 0.0553429 0.00425464 0.0130317
88.078 1 0.0270825 0.00179681 0.00646969
88.128 1 0.0653077 0.00534304 0.0263898
88.1779 1 0.0400299 0.00151635 0.0167855
88.2279 1 0.068267 0.0173512 0.00674012
88.2779 1 0.0383532 0.00453229 0.0056996
88.3279 1 0.025376 0.0024396 0.0173504
88.3779 1 0.100415 0.00279275 0.0486778
88.4279 1 0.072965 0.0126053 0.0379878
88.4779 1 0.0223083 0.00286275 0.00430184
88.5279 1 0.0430914 0.00492009 0.0268726
88.5778 1 0.0237398 0.00302459 0.0126817
88.6278 1 0.072178 0.00748472 0.0709452
88.6778 1 0.0340975 0.00256051 0.00280208
88.7278 1 0.0472664 0.00613783 0.00697855
88.7778 1 0.47337 0.0495527 0.139438
88.8278 1 0.00988128 0.000951718 0.00810161
88.8778 1 0.0721413 0.00474136 0.0106036
88.9278 1 0.0396011 0.00352663 0.0294102
88.9777 1 0.0319547 0.00191336 0.022594
89.0277 1 0.0568326 0.00511257 0.010495
89.0777 1 0.0238858 0.00465122 0.0104939
89.1277 1 0.0295125 0.00173726 0.0114288
89.1777 1 0.0457994 0.00288196 0.0425669
89.2277 1 0.0478317 0.000868497 0.00379759
89.2777 1 0.0250181 0.00260888 0.00647654
89.3277 1 0.0459781 0.000536095 0.0158368
89.3776 1 0.0296921 0.0119387 0.052971
89.4276 1 0.0404747 0.00203354 0.0234944
89.4776 1 0.0286669 0.00230356 0.0234531
89.5276 1 0.147439 0.00170825 0.0472023
89.5776 1 0.0113254 0.00130311 0.025892
89.6276 1 0.0330864 0.00386283 0.030479
89.6776 1 0.0587311 0.00456649 0.0381516
89.7276 1 0.171266 0.0240493 0.241305
89.7775 1 0.0147925 0.00149406 0.014374
89.8275 1 0.049921 0.00469518 0.0607778
89.8775 1 0.120415 0.010274 0.0773824
89.9275 1 0.0356932 0.0038926 0.0282956
89.9775 1 0.0334337 0.00241627 0.0430424
90.0275 1 0.0385314 0.00627036 0.0316686
90.0775 1 0.047628 0.00865427 0.0387363
90.1275 1 0.0479121 0.00778773 0.00859654
90.1774 1 0.227503 0.0118331 0.118612
90.2274 1 0.054557 0.00927054 0.0667439
90.2774 1 0.0382976 0.00725316 0.011658
90.3274 1 0.0171665 0.00611633 0.0332855
90.3774 1 0.0304378 0.00203862 0.0137898
90.4274 1 0.0273917 0.00231088 0.0149747
90.4774 1 0.0245034 0.00390324 0.0241254
90.5274 1 0.0902338 0.00464659 0.0346465
90.5773 1 0.0264788 0.00354578 0.0216842
90.6273 1 0.0945525 0.0100362 0.0500402
90.6773 1 0.0695273 0.00464985 0.0291979
90.7273 1 0.0527677 0.00250734 0.0104644
90.7773 1 0.0385105 0.000828122 0.0229894
90.8273 1 0.038712 0.00723544 0.0422067
90.8773 1 0.0921089 0.00399577 0.0650574
90.9273 1 0.0337778 0.0024498 0.0137264
90.9772 1 0.0183273 0.000469322 0.0165627
91.0272 1 0.102916 0.0202071 0.114421
91.0772 1 0.0301412 0.00292399 0.022461
91.1272 1 0.0821515 0.000398973 0.00846753
91.1772 1 0.0323542 0.00262615 0.0377013
91.2272 1 0.0753749 0.000749291 0.0194409
91.2772 1 0.0286933 0.00569863 0.0183719
91.3272 1 0.0694112 0.00187356 0.021209
91.3771 1 0.0880247 0.022508 0.0335077
91.4271 1 0.155318 0.00266408 0.0369804
91.4771 1 0.0499692 0.0144062 0.118535
91.5271 1 0.0800576 0.0143069 0.0630041
91.5771 1 0.0549012 0.000910844 0.0325774
91.6271 1 0.0586338 0.00253911 0.0105421
91.6771 1 0.0365523 0.00361767 0.0197321
91.7271 1 0.0653064 0.00204784 0.0187523
91.777 1 0.00756974 0.00675289 0.00737661
91.827 1 0.0439055 0.00241964 0.0159351
91.877 1 0.0715593 0.00477102 0.014642
91.927 1 0.0331763 0.00322267 0.0185433
91.977 1 0.0393886 0.00578344 0.0110498
92.027 1 0.0231543 0.00610409 0.0408654
92.077 1 0.0250595 0.0027096 0.0148118
92.127 1 0.113169 0.00918898 0.0461038
92.1769 1 0.0726475 0.00434765 0.0142538
92.2269 1 0.0311245 0.00159674 0.0107347
92.2769 1 0.0357583 0.00369275 0.0197473
92.3269 1 0.0447212 0.00463544 0.0242715
92.3769 1 0.0222526 0.0100195 0.005016
92.4269 1 0.061156 0.00201885 0.0193076
92.4769 1 0.0931817 0.00812324 0.0208912
92.5269 1 0.0319134 0.00679225 0.0273835
92.5768 1 0.0440539 0.0010425 0.0166227
92.6268 1 0.0399136 0.00106264 0.0315951
92.6768 1 0.02215 0.00401752 0.0129288
92.7268 1 0.0178314 0.00327086 0.0140066
92.7768 1 0.0163298 0.00635817 0.019871
92.8268 1 0.0509272 0.00586406 0.005667
92.8768 1 0.0357576 0.00152901 0.00617399
92.9268 1 0.04356 0.00347092 0.0116929
92.9767 1 0.0999185 0.00544647 0.0199201
93.0267 1 0.0771532 0.00586377 0.0184201
93.0767 1 0.0467208 0.00461588 0.0268508
93.1267 1 0.00714571 0.00130574 0.00294599
93.1767 1 0.0116729 0.0115656 0.0513091
93.2267 1 0.0337386 0.0014781 0.00484393
93.2767 1 0.0115093 0.00312375 0.00461057
93.3267 1 0.0103673 0.00451672 0.00448477
93.3766 1 0.0456953 0.00287699 0.0100118
93.4266 1 0.062442 0.0059547 0.0105226
93.4766 1 0.0187923 0.00273864 0.000781383
93.5266 1 0.0291194 0.00344401 0.00653959
93.5766 1 0.0612218 0.00536083 0.0215386
93.6266 1 0.0189121 0.0048795 0.0132957
93.6766 1 0.0728116 0.012794 0.0176246
93.7266 1 0.0190805 0.00564886 0.00529076
93.7765 1 0.0174206 0.00367668 0.00955225
93.8265 1 0.0784415 0.0038193 0.00248985
93.8765 1 0.0354849 0.0014983 0.00572872
93.9265 1 0.0317567 0.00441025 0.00431069
93.9765 1 0.049805 0.0052433 0.00271629
94.0265 1 0.0532323 0.00194196 0.00680513
94.0765 1 0.0368354 0.00207924 0.00270933
94.1265 1 0.0330502 0.00492805 0.00155996
94.1764 1 0.0372032 0.00856647 0.0103484
94.2264 1 0.0354679 0.00408891 0.00167915
94.2764 1 0.0514006 0.00639826 0.0165118
94.3264 1 0.0138598 0.00451494 0.00328772
94.3764 1 0.0685632 0.00762469 0.00840183
94.4264 1 0.147669 0.013097 0.0131043
94.4764 1 0.126644 0.0209643 0.0077243
94.5264 1 0.0283547 0.00214822 0.00269482
94.5763 1 0.040725 0.00467413 0.00540808
94.6263 1 0.142072 0.00648579 0.00768253
94.6763 1 0.0355346 0.00400148 0.00421216
94.7263 1 0.0079495 0.00601536 0.0032177
94.7763 1 0.0890459 0.0159345 0.00418499
94.8263 1 0.0248519 0.00724854 0.00378415
94.8763 1 0.0114713 0.00252996 0.00185948
94.9263 1 0.0376056 0.000940128 0.0028487
94.9762 1 0.0724416 0.00961076 0.0149275
95.0262 1 0.135619 0.0147473 0.00745544
95.0762 1 0.109686 0.00596702 0.0128779
95.1262 1 0.0415143 0.0103476 0.00640166
95.1762 1 0.049717 0.00773423 0.0086013
95.2262 1 0.0153686 0.00250182 0.00138301
95.2762 1 0.00563192 0.00294737 0.00206276
95.3262 1 0.00960868 0.000773218 0.00544543
95.3761 1 0.0500361 0.0071398 0.0022668
95.4261 1 0.0151407 0.00313226 0.00595508
95.4761 1 0.0509222 0.00214005 0.00643957
95.5261 1 0.04197 0.00645733 0.00802167
95.5761 1 0.0392367 0.00483899 0.00204793
95.6261 1 0.115561 0.0231551 0.0262986
95.6761 1 0.0300611 0.00718857 0.00337156
95.7261 1 0.00949568 0.0026714 0.0028088
95.776 1 0.0261364 0.00424048 0.0091181
95.826 1 0.0618811 0.0771047 0.0562419
95.876 1 0.0226427 0.00381636 0.00436028
95.926 1 0.0485486 0.00358803 0.00311948
95.976 1 0.0323541 0.00246748 0.00403198
96.026 1 0.0170545 0.00288962 0.00164048
96.076 1 0.0440993 0.00811721 0.0196492
96.126 1 0.0625826 0.00922707 0.0137403
96.1759 1 0.0333292 0.00173822 0.00427128
96.2259 1 0.0501674 0.00343735 0.0138027
96.2759 1 0.0781355 0.0310554 0.0119362
96.3259 1 0.0671973 0.0068878 0.024585
96.3759 1 0.0322482 0.00491349 0.0069302
96.4259 1 0.0660517 0.0172799 0.0126069
96.4759 1 0.0480527 0.00821709 0.0126682
96.5259 1 0.0688639 0.0110319 0.0196657
96.5758 1 0.0186878 0.00263442 0.00809549
96.6258 1 0.0603823 0.00559221 0.0189949
96.6758 1 0.040654 0.0072635 0.00916753
96.7258 1 0.19288 0.0174887 0.0292307
96.7758 1 0.0571879 0.0133056 0.0401576
96.8258 1 0.0351324 0.00155454 0.0106602
96.8758 1 0.0572863 0.00031598 0.00391481
96.9258 1 0.0243851 0.0051546 0.00911171
96.9757 1 0.035357 0.00955368 0.0185928
97.0257 1 0.0256541 0.00631766 0.00616659
97.0757 1 0.115715 0.0174315 0.0110792
97.1257 1 0.0380436 0.0113862 0.0140772
97.1757 1 0.0236812 0.00437625 0.0105889
97.2257 1 0.0312455 0.00930235 0.016329
97.2757 1 0.0221055 0.00584487 0.0149101
97.3257 1 0.0870222 0.00470381 0.0525941
97.3756 1 0.0158294 0.00245352 0.0246743
97.4256 1 0.103586 0.0100498 0.0446261
97.4756 1 0.0271704 0.00333443 0.0103629
97.5256 1 0.0079247 0.00262316 0.0282504
97.5756 1 0.0501883 0.00698602 0.00901085
97.6256 1 0.00599409 0.00404076 0.00521408
97.6756 1 0.011614 0.00208352 0.00793954
97.7256 1 0.0287802 0.00642193 0.0172028
97.7755 1 0.125906 0.0140426 0.0646826
97.8255 1 0.0392026 0.0100724 0.0302537
97.8755 1 0.0162047 0.00777991 0.0107627
97.9255 1 0.0128304 0.00115592 0.0105067
97.9755 1 0.00920171 0.00558451 0.021214
98.0255 1 0.0287497 0.00434228 0.0291199
98.0755 1 0.146368 0.00186756 0.0267755
98.1255 1 0.0405218 0.00280548 0.0125169
98.1754 1 0.0166163 0.00212591 0.03316
98.2254 1 0.0604954 0.0136514 0.0203168
98.2754 1 0.0314878 0.00294342 0.0333878
98.3254 1 0.0390672 0.00516874 0.0245852
98.3754 1 0.0126969 0.00085765 0.0188703
98.4254 1 0.0222911 0.00774115 0.00857462
98.4754 1 0.013317 0.00581056 0.0357037
98.5254 1 0.0147092 0.00347069 0.0120167
98.5753 1 0.0280502 0.0166263 0.0350696
98.6253 1 0.0255212 0.00445432 0.0274145
98.6753 1 0.0454389 0.0027276 0.0278954
98.7253 1 0.035332 0.00109634 0.0150555
98.7753 1 0.043051 0.00592658 0.0150132
98.8253 1 0.0293682 0.00768908 0.0226334
98.8753 1 0.150059 0.00121463 0.0406419
98.9253 1 0.020071 0.00329468 0.00256934
98.9752 1 0.0497626 0.0102969 0.0284787
99.0252 1 0.0229251 0.00483386 0.00905779
99.0752 1 0.0618875 0.00384789 0.0332918
99.1252 1 0.0237122 0.00407098 0.0175097
99.1752 1 0.0612669 0.00857961 0.027452
99.2252 1 0.0322735 0.00359087 0.00501689
99.2752 1 0.0149637 0.00190689 0.00560538
99.3252 1 0.0466561 0.00293389 0.00789933
99.3751 1 0.0380962 0.00871357 0.0178603
99.4251 1 0.000887791 0.00195128 0.0136909
99.4751 1 0.00675047 0.00361394 0.00529754
99.5251 1 0.0231177 0.00323412 0.0173503
99.5751 1 0.015045 0.00349752 0.00932599
99.6251 1 0.0149387 0.0134398 0.0179228
99.6751 1 0.0339576 0.00575607 0.0178087
99.7251 1 0.0291356 0.00056456 0.0131316
99.775 1 0.0168009 0.00369645 0.00617214
99.825 1 0.0790441 0.00852123 0.0154981
99.875 1 0.0619387 0.0102602 0.00333164
99.925 1 0.0197929 0.00692514 0.0100818
99.975 1 0.0467304 0.0101789 0.0330438
