# Generated from ../data/13JUL2013/025.dat
freq T_s gyro_x steer v
0 1 0.00129822 0.0438696 12.2259
0.0499875 1 0.0638422 0.0672972 2.07622
0.099975 1 0.0298157 0.100877 0.860788
0.149962 1 0.0541449 0.0426088 0.693079
0.19995 1 0.0739062 0.0624612 0.178187
0.249937 1 0.116168 0.124783 0.168279
0.299925 1 0.114868 0.151673 0.135945
0.349912 1 0.105461 0.157492 0.112195
0.3999 1 0.115058 0.199261 0.119086
0.449887 1 0.111921 0.194489 0.143326
0.499875 1 0.109272 0.179033 0.275629
0.549862 1 0.0899162 0.149531 0.251817
0.59985 1 0.0899247 0.188671 0.308046
0.649837 1 0.117091 0.253975 0.282447
0.699825 1 0.111914 0.290814 0.432637
0.749812 1 0.0707126 0.110201 0.167844
0.7998 1 0.0712574 0.125313 0.119113
0.849787 1 0.0620687 0.118518 0.308137
0.899775 1 0.0469482 0.0898335 0.209719
0.949762 1 0.0344861 0.0858722 0.0802327
0.99975 1 0.110516 0.364961 0.593501
1.04974 1 0.199053 0.607964 0.886324
1.09972 1 1.08844 3.27924 9.81862
1.14971 1 0.0463054 0.291091 0.970073
1.1997 1 0.0498737 0.0596561 0.03567
1.24969 1 0.0400503 0.020763 0.161598
1.29967 1 0.0533831 0.0684826 0.220225
1.34966 1 0.0900276 0.356668 0.997839
1.39965 1 0.0659278 0.460776 0.686136
1.44964 1 0.0377226 0.235957 0.329961
1.49962 1 0.0858404 0.218919 0.379022
1.54961 1 0.117414 0.320586 0.421961
1.5996 1 0.0780746 0.17693 0.1928
1.64959 1 0.0522957 0.066579 0.148046
1.69957 1 0.0605825 0.102831 0.134206
1.74956 1 0.0596631 0.112539 0.16445
1.79955 1 0.00683971 0.161855 0.551859
1.84954 1 0.049558 0.0399995 0.120112
1.89952 1 0.0464815 0.0717326 0.298449
1.94951 1 0.0840691 0.188958 0.292508
1.9995 1 0.138526 0.403975 0.501158
2.04949 1 0.140833 0.411711 0.626315
2.09947 1 0.146108 0.522303 2.11447
2.14946 1 0.0695583 0.350561 0.85514
2.19945 1 0.19674 1.38475 4.43462
2.24944 1 0.0690491 0.138568 0.350633
2.29942 1 0.0212001 0.207893 0.646891
2.34941 1 0.0379509 0.106706 0.254069
2.3994 1 0.0196961 0.193245 0.479372
2.44939 1 0.0632298 0.117065 0.241531
2.49937 1 0.0602896 0.102582 0.226903
2.54936 1 0.0241242 0.0749135 0.168415
2.59935 1 0.0653564 0.150129 0.119352
2.64934 1 0.0501203 0.0803292 0.131456
2.69932 1 0.0231901 0.125067 0.478026
2.74931 1 0.0772908 0.288921 0.285808
2.7993 1 0.024994 0.0312126 0.260766
2.84929 1 0.045336 0.0650591 0.0617871
2.89927 1 0.029399 0.0797671 0.581643
2.94926 1 0.0573136 0.133136 0.625148
2.99925 1 0.0678869 0.205074 0.520198
3.04924 1 0.0342702 0.072661 0.0983543
3.09922 1 0.0394709 0.131234 0.133021
3.14921 1 0.0403455 0.0736442 0.0985642
3.1992 1 0.054596 0.0985011 0.0756271
3.24919 1 0.0361084 0.0823204 0.28159
3.29917 1 0.0448216 0.0598523 0.0814811
3.34916 1 0.0629386 0.148423 0.116359
3.39915 1 0.0377335 0.0650141 0.108544
3.44914 1 0.0360318 0.0696486 0.199874
3.49912 1 0.0195717 0.103101 0.280848
3.54911 1 0.0599785 0.154248 0.256265
3.5991 1 0.0302082 0.0215578 0.046442
3.64909 1 0.0286267 0.010692 0.037194
3.69907 1 0.032303 0.0154917 0.0321711
3.74906 1 0.0245923 0.0218224 0.0828245
3.79905 1 0.0433861 0.0467342 0.193675
3.84904 1 0.0375902 0.0664971 0.432671
3.89902 1 0.0270714 0.0497685 0.0920627
3.94901 1 0.0550527 0.112414 0.348084
3.999 1 0.0368251 0.069014 0.259221
4.04899 1 0.0157019 0.0637427 0.401262
4.09897 1 0.0534357 0.0965457 0.684553
4.14896 1 0.0497206 0.0717591 0.156904
4.19895 1 0.041547 0.0513235 0.264741
4.24894 1 0.0447337 0.0662401 0.422858
4.29892 1 0.0404235 0.0462871 0.186151
4.34891 1 0.0428247 0.0577855 0.22771
4.3989 1 0.03811 0.0377442 0.214064
4.44889 1 0.026947 0.0411245 0.342115
4.49887 1 0.0371642 0.0311145 0.115516
4.54886 1 0.0359478 0.0391085 0.0465892
4.59885 1 0.0294234 0.0309102 0.25168
4.64884 1 0.0326174 0.00799352 0.0382139
4.69882 1 0.0284026 0.0571707 0.288068
4.74881 1 0.0347624 0.124645 0.412137
4.7988 1 0.0302551 0.0244676 0.142607
4.84879 1 0.013389 0.125704 0.594169
4.89877 1 0.0178689 0.0753058 0.328279
4.94876 1 0.0341343 0.0825712 0.141953
4.99875 1 0.0402763 0.11766 0.203295
5.04874 1 0.0308438 0.0675889 0.252959
5.09872 1 0.0382597 0.0425377 0.250217
5.14871 1 0.011229 0.088252 0.39022
5.1987 1 0.0176253 0.0800914 0.260715
5.24869 1 0.051656 0.0936495 0.211249
5.29867 1 0.0410343 0.0448048 0.124351
5.34866 1 0.0389146 0.0483655 0.135336
5.39865 1 0.0355954 0.0287943 0.0555825
5.44864 1 0.0696973 0.183903 0.356187
5.49862 1 0.03565 0.0243389 0.046745
5.54861 1 0.036264 0.0312378 0.176483
5.5986 1 0.0313885 0.0184491 0.0840482
5.64859 1 0.0497297 0.0815827 0.2583
5.69857 1 0.0569404 0.10762 0.596734
5.74856 1 0.043171 0.0620273 0.084097
5.79855 1 0.0152839 0.0843261 0.215498
5.84854 1 0.030501 0.0438525 0.112641
5.89852 1 0.02488 0.0312386 0.0990915
5.94851 1 0.0320381 0.151416 0.643595
5.9985 1 0.0400013 0.0496531 0.0634572
6.04849 1 0.0361179 0.0264124 0.0688586
6.09847 1 0.0255446 0.0368559 0.109499
6.14846 1 0.0332238 0.0466682 0.0887991
6.19845 1 0.0276991 0.128576 0.3882
6.24844 1 0.0271963 0.0509599 0.20897
6.29842 1 0.0294235 0.0397664 0.147652
6.34841 1 0.0337017 0.027373 0.0687824
6.3984 1 0.0243076 0.0288007 0.148679
6.44839 1 0.0332716 0.0149618 0.115947
6.49837 1 0.0343094 0.0167398 0.11731
6.54836 1 0.0341518 0.00922586 0.0998688
6.59835 1 0.0290643 0.0146347 0.0289914
6.64834 1 0.0195352 0.0858021 0.0978472
6.69832 1 0.0396533 0.0841064 0.407239
6.74831 1 0.0259499 0.0538737 0.327608
6.7983 1 0.0291113 0.028451 0.0155035
6.84829 1 0.0412792 0.0655746 0.118555
6.89827 1 0.0265316 0.0345626 0.0755495
6.94826 1 0.0345688 0.0815713 0.150054
6.99825 1 0.0358418 0.0217235 0.0458907
7.04824 1 0.0252589 0.0303614 0.106281
7.09822 1 0.0332421 0.0570453 0.260039
7.14821 1 0.0344325 0.0300022 0.157722
7.1982 1 0.0302722 0.0232848 0.0373972
7.24819 1 0.0262109 0.0327121 0.207311
7.29817 1 0.0324582 0.0180517 0.0764757
7.34816 1 0.0295371 0.0127364 0.0109411
7.39815 1 0.0344576 0.0174099 0.0368742
7.44814 1 0.0321715 0.00918715 0.00929195
7.49812 1 0.0330462 0.0128985 0.0487082
7.54811 1 0.0390645 0.0296565 0.0908466
7.5981 1 0.0383153 0.0232857 0.0342466
7.64809 1 0.0353238 0.0238454 0.0269617
7.69807 1 0.0334325 0.110799 0.13713
7.74806 1 0.0298864 0.0377372 0.238768
7.79805 1 0.0416255 0.0394978 0.162687
7.84804 1 0.0441744 0.0406757 0.0859812
7.89802 1 0.0325982 0.028929 0.0475028
7.94801 1 0.0313511 0.0279365 0.0240803
7.998 1 0.0464066 0.102975 0.320011
8.04799 1 0.0377961 0.0456685 0.120226
8.09797 1 0.0284708 0.0310584 0.0653287
8.14796 1 0.0296677 0.0193606 0.0166111
8.19795 1 0.0341453 0.0173981 0.0255731
8.24794 1 0.0376896 0.0192374 0.0851417
8.29792 1 0.0312531 0.01134 0.0116909
8.34791 1 0.0322586 0.0341161 0.0459146
8.3979 1 0.0373614 0.0370062 0.135956
8.44789 1 0.0415576 0.0341547 0.137443
8.49787 1 0.0456156 0.0573383 0.0783032
8.54786 1 0.0372655 0.0310195 0.0688485
8.59785 1 0.0356789 0.137303 0.17708
8.64784 1 0.0255815 0.0572699 0.116778
8.69782 1 0.0253445 0.037752 0.113865
8.74781 1 0.0376042 0.0282361 0.0933045
8.7978 1 0.0399965 0.108542 0.278647
8.84779 1 0.0265341 0.0457989 0.111271
8.89777 1 0.0269559 0.0318786 0.123004
8.94776 1 0.0332761 0.0140195 0.0769317
8.99775 1 0.031877 0.0326579 0.0817874
9.04774 1 0.0297823 0.019095 0.0704739
9.09772 1 0.0297613 0.040916 0.0442384
9.14771 1 0.0320612 0.025462 0.033864
9.1977 1 0.0384498 0.0174188 0.0706989
9.24769 1 0.0298586 0.0344495 0.0830698
9.29767 1 0.034308 0.028567 0.0435386
9.34766 1 0.0127758 0.0665128 0.12624
9.39765 1 0.0338717 0.00982886 0.0261276
9.44764 1 0.0398762 0.0397608 0.0330776
9.49762 1 0.0424786 0.0363178 0.0631422
9.54761 1 0.0424707 0.0272717 0.020894
9.5976 1 0.0360062 0.0220224 0.0466132
9.64759 1 0.031301 0.0377761 0.0858417
9.69757 1 0.047701 0.0443485 0.0540035
9.74756 1 0.0432947 0.0290383 0.0479675
9.79755 1 0.046743 0.0531265 0.0677073
9.84754 1 0.0407497 0.0341049 0.0594741
9.89752 1 0.0463409 0.0526637 0.0958115
9.94751 1 0.0486471 0.0571583 0.0757961
9.9975 1 0.0559072 0.0772181 0.131699
10.0475 1 0.0414885 0.0168632 0.0214782
10.0975 1 0.0398107 0.0221342 0.0392689
10.1475 1 0.0405568 0.0126458 0.0178855
10.1974 1 0.0455961 0.0317489 0.0599759
10.2474 1 0.0396746 0.0137454 0.021672
10.2974 1 0.0324028 0.0303095 0.0723799
10.3474 1 0.0490475 0.0585251 0.130929
10.3974 1 0.0394444 0.021491 0.029696
10.4474 1 0.0413274 0.0197621 0.0345831
10.4974 1 0.0411843 0.0239127 0.0463301
10.5474 1 0.0782807 0.262071 0.434808
10.5973 1 0.0364326 0.0348764 0.0593625
10.6473 1 0.0373511 0.0137467 0.0266645
10.6973 1 0.0453008 0.0392999 0.0632785
10.7473 1 0.0385571 0.0160647 0.0308017
10.7973 1 0.0381817 0.0123407 0.025538
10.8473 1 0.0373297 0.0141006 0.0242062
10.8973 1 0.0347812 0.0286444 0.0578292
10.9473 1 0.0439681 0.0192774 0.0287817
10.9972 1 0.0425045 0.0140925 0.0179503
11.0472 1 0.0435081 0.0265817 0.044424
11.0972 1 0.0421682 0.0126889 0.0174387
11.1472 1 0.0397639 0.00888489 0.00421884
11.1972 1 0.0427378 0.0120337 0.0218106
11.2472 1 0.0397907 0.00416037 0.00461831
11.2972 1 0.0455337 0.0309245 0.0704473
11.3472 1 0.0375774 0.0153799 0.0221653
11.3971 1 0.0438227 0.0311421 0.0467868
11.4471 1 0.0431115 0.0150465 0.030991
11.4971 1 0.034964 0.0276994 0.0118513
11.5471 1 0.0612822 0.0796732 0.0822877
11.5971 1 0.0340766 0.0343536 0.081532
11.6471 1 0.040933 0.0105856 0.0155671
11.6971 1 0.037808 0.0200133 0.0260225
11.7471 1 0.0398422 0.0154385 0.00455182
11.797 1 0.0397528 0.0178494 0.0173076
11.847 1 0.0395628 0.00731348 0.00915283
11.897 1 0.0489322 0.0597804 0.197291
11.947 1 0.0436988 0.0127557 0.0327027
11.997 1 0.101973 0.270563 0.460813
12.047 1 0.0265316 0.0751751 0.0367161
12.097 1 0.0427973 0.0122311 0.0271451
12.147 1 0.0441147 0.00826618 0.0346456
12.1969 1 0.0426459 0.00717597 0.0109767
12.2469 1 0.0450321 0.0222188 0.0309769
12.2969 1 0.0413703 0.013076 0.0126379
12.3469 1 0.0428597 0.015744 0.0311504
12.3969 1 0.0428687 0.00838355 0.0396085
12.4469 1 0.0449093 0.00834153 0.00617159
12.4969 1 0.0442792 0.00722583 0.0197027
12.5469 1 0.0402203 0.00931771 0.0496804
12.5968 1 0.0355936 0.0299745 0.0822396
12.6468 1 0.0446201 0.00555406 0.0055814
12.6968 1 0.0435505 0.00327409 0.00446279
12.7468 1 0.0414261 0.00780486 0.0256462
12.7968 1 0.0426036 0.00372293 0.00919491
12.8468 1 0.044222 0.0102561 0.0280357
12.8968 1 0.0382667 0.0317546 0.132301
12.9468 1 0.0426904 0.00576487 0.0220164
12.9967 1 0.0423167 0.00717137 0.00692745
13.0467 1 0.0441452 0.00437202 0.0235782
13.0967 1 0.0465595 0.00952251 0.0335377
13.1467 1 0.0492915 0.0245904 0.0528403
13.1967 1 0.0434603 0.0125228 0.0756254
13.2467 1 0.0474484 0.0114552 0.0811019
13.2967 1 0.0473303 0.0119214 0.0173287
13.3467 1 0.0433565 0.0165741 0.0985561
13.3966 1 0.0502062 0.0199836 0.0314433
13.4466 1 0.0497817 0.0161966 0.0430073
13.4966 1 0.046435 0.00643186 0.0374856
13.5466 1 0.0418891 0.0182691 0.110391
13.5966 1 0.0462324 0.00671773 0.0743401
13.6466 1 0.0451452 0.0057869 0.029074
13.6966 1 0.0460505 0.00422111 0.0125021
13.7466 1 0.0450432 0.00581651 0.0359356
13.7965 1 0.0443738 0.00858052 0.0148571
13.8465 1 0.0451967 0.00572494 0.0419709
13.8965 1 0.0445118 0.0114083 0.0454257
13.9465 1 0.0474443 0.0204938 0.0332595
13.9965 1 0.0448667 0.00421357 0.0176121
14.0465 1 0.0471848 0.00517697 0.0358484
14.0965 1 0.0480474 0.00583037 0.005756
14.1465 1 0.0454959 0.00761683 0.0112094
14.1964 1 0.0482133 0.00871408 0.0974092
14.2464 1 0.0441486 0.0115964 0.0792931
14.2964 1 0.0442873 0.0139731 0.0919951
14.3464 1 0.0525327 0.0272426 0.0159057
14.3964 1 0.043333 0.0113854 0.102847
14.4464 1 0.0448893 0.00664788 0.0185883
14.4964 1 0.0487108 0.0067107 0.0187404
14.5464 1 0.0419987 0.0164283 0.0214265
14.5963 1 0.0461831 0.00285938 0.0338469
14.6463 1 0.0474836 0.00184487 0.00798641
14.6963 1 0.0495052 0.00640583 0.0299215
14.7463 1 0.0472657 0.0032573 0.0197868
14.7963 1 0.0478219 0.0032932 0.0226917
14.8463 1 0.0478668 0.00771649 0.030643
14.8963 1 0.048286 0.00290507 0.01583
14.9463 1 0.0481306 0.00209042 0.0166612
14.9962 1 0.0498188 0.00429388 0.0268278
15.0462 1 0.0495235 0.00664111 0.0263226
15.0962 1 0.0502823 0.00540521 0.0155794
15.1462 1 0.0508336 0.00537928 0.0678447
15.1962 1 0.0485337 0.00531073 0.0214794
15.2462 1 0.0479431 0.00821059 0.0556644
15.2962 1 0.0498093 0.00703992 0.0338583
15.3462 1 0.0501594 0.0178461 0.229551
15.3961 1 0.0495251 0.00472173 0.0481774
15.4461 1 0.0488087 0.00249494 0.0332114
15.4961 1 0.0488219 0.00238477 0.00882245
15.5461 1 0.0491713 0.00310038 0.0107676
15.5961 1 0.0496456 0.00827817 0.0363261
15.6461 1 0.0495814 0.00694116 0.026603
15.6961 1 0.0500943 0.00501394 0.020266
15.7461 1 0.0501528 0.00583117 0.0105248
15.796 1 0.0583825 0.100883 0.532952
15.846 1 0.0502298 0.00253964 0.00397403
15.896 1 0.0519301 0.00734045 0.0477093
15.946 1 0.0499526 0.0032081 0.0426337
15.996 1 0.0476006 0.0558695 0.582962
16.046 1 0.0509871 0.0165023 0.0533156
16.096 1 0.0502049 0.00409894 0.0184195
16.146 1 0.0509913 0.00625218 0.0936163
16.1959 1 0.0415398 0.0250809 0.118803
16.2459 1 0.0489549 0.00574565 0.0636185
16.2959 1 0.0497749 0.00931149 0.00895304
16.3459 1 0.0513393 0.00463499 0.0198841
16.3959 1 0.050352 0.00177979 0.00445911
16.4459 1 0.0510149 0.00120193 0.0119039
16.4959 1 0.0513752 0.00222616 0.0312552
16.5459 1 0.0494079 0.049023 0.217695
16.5958 1 0.05223 0.00369051 0.00456778
16.6458 1 0.0519381 0.00330946 0.0297299
16.6958 1 0.0537031 0.0128537 0.0744056
16.7458 1 0.0526738 0.00382981 0.0177757
16.7958 1 0.0528592 0.00170453 0.0121893
16.8458 1 0.0531556 0.00194074 0.0130468
16.8958 1 0.0539933 0.00264991 0.0155497
16.9458 1 0.0550103 0.00757927 0.0421169
16.9957 1 0.0543308 0.00361513 0.0313001
17.0457 1 0.0540956 0.00470716 0.018429
17.0957 1 0.0453143 0.0321926 0.142054
17.1457 1 0.0499308 0.015091 0.18557
17.1957 1 0.055591 0.0115245 0.0908749
17.2457 1 0.059857 0.0153854 0.0862913
17.2957 1 0.0566838 0.0173396 0.0383729
17.3457 1 0.0520016 0.0670616 0.256422
17.3956 1 0.0559254 0.00693672 0.0446631
17.4456 1 0.0578152 0.0177435 0.212741
17.4956 1 0.0583881 0.0165083 0.140991
17.5456 1 0.0571456 0.0187101 0.0949948
17.5956 1 0.0593332 0.0220083 0.178217
17.6456 1 0.055609 0.0140212 0.225841
17.6956 1 0.0499686 0.0341062 0.728158
17.7456 1 0.0575444 0.0134389 0.108023
17.7955 1 0.0540524 0.0130642 0.211363
17.8455 1 0.0563393 0.012195 0.195296
17.8955 1 0.0545785 0.00645979 0.141283
17.9455 1 0.0547784 0.0163991 0.143368
17.9955 1 0.0473474 0.0299643 0.332151
18.0455 1 0.0545346 0.0185149 0.098241
18.0955 1 0.0901259 0.213236 1.2471
18.1455 1 0.0494982 0.0456302 0.452612
18.1954 1 0.0400767 0.0562888 0.49258
18.2454 1 0.0533602 0.0110084 0.0824951
18.2954 1 0.0585338 0.0199294 0.125742
18.3454 1 0.0606263 0.044057 0.423148
18.3954 1 0.062141 0.0341514 0.0550579
18.4454 1 0.0582523 0.0126125 0.100085
18.4954 1 0.0540722 0.0139007 0.201236
18.5454 1 0.0507179 0.035912 0.357018
18.5953 1 0.0612361 0.0316911 0.267447
18.6453 1 0.0585584 0.0189898 0.0244495
18.6953 1 0.0554985 0.0133996 0.0479985
18.7453 1 0.0587605 0.0167739 0.109569
18.7953 1 0.105363 0.183014 0.131723
18.8453 1 0.0607114 0.0176152 0.0532746
18.8953 1 0.0576023 0.018303 0.0758551
18.9453 1 0.0565883 0.0483476 0.29635
18.9952 1 0.0595899 0.0279275 0.104481
19.0452 1 0.0765654 0.108553 0.263701
19.0952 1 0.0541091 0.133222 0.576315
19.1452 1 0.0567512 0.028797 0.0943737
19.1952 1 0.0613809 0.0259639 0.103051
19.2452 1 0.0598271 0.0187475 0.0241358
19.2952 1 0.0544257 0.019852 0.0835061
19.3452 1 0.0629609 0.0295565 0.173244
19.3951 1 0.0592601 0.0130433 0.053853
19.4451 1 0.0565558 0.0220531 0.0432206
19.4951 1 0.0610297 0.0244593 0.0554998
19.5451 1 0.0631807 0.0191095 0.075063
19.5951 1 0.0667224 0.0316529 0.165498
19.6451 1 0.0811803 0.10743 0.460011
19.6951 1 0.064739 0.0341871 0.0782957
19.7451 1 0.0677095 0.0303885 0.0108402
19.795 1 0.0535266 0.0361732 0.06465
19.845 1 0.0530133 0.0334856 0.0385215
19.895 1 0.0569039 0.0615573 0.104206
19.945 1 0.0642934 0.020553 0.075711
19.995 1 0.0523607 0.0406344 0.182346
20.045 1 0.063886 0.0334496 0.187533
20.095 1 0.0723869 0.132793 0.207286
20.145 1 0.0681953 0.0705978 0.104682
20.1949 1 0.0422848 0.127065 0.264858
20.2449 1 0.0626989 0.0313114 0.0676178
20.2949 1 0.0503092 0.0873951 0.157253
20.3449 1 0.0665074 0.0456541 0.105324
20.3949 1 0.0603782 0.0224051 0.0668941
20.4449 1 0.0625262 0.0510402 0.139189
20.4949 1 0.0604425 0.0275115 0.0446396
20.5449 1 0.0641654 0.0183674 0.0410195
20.5948 1 0.0594023 0.0311068 0.0954084
20.6448 1 0.0718188 0.048085 0.1024
20.6948 1 0.0684504 0.025972 0.0600738
20.7448 1 0.0686325 0.067026 0.178742
20.7948 1 0.0650714 0.0322744 0.0719225
20.8448 1 0.061027 0.0363499 0.0743714
20.8948 1 0.0521501 0.0443943 0.10937
20.9448 1 0.0574618 0.0248912 0.0584283
20.9947 1 0.0661555 0.0234072 0.0526069
21.0447 1 0.0600026 0.0144399 0.0415393
21.0947 1 0.0707886 0.0401764 0.0895021
21.1447 1 0.0631285 0.0116907 0.0276608
21.1947 1 0.0636461 0.0182313 0.0481173
21.2447 1 0.0625448 0.00898814 0.0170329
21.2947 1 0.0636729 0.00898916 0.0175488
21.3447 1 0.0580309 0.0243111 0.0493226
21.3946 1 0.0628503 0.0172481 0.0375319
21.4446 1 0.0618459 0.0112495 0.029839
21.4946 1 0.0987602 0.203083 0.473013
21.5446 1 0.0670599 0.0682737 0.169762
21.5946 1 0.0667236 0.0184772 0.0423391
21.6446 1 0.0525655 0.054398 0.0878432
21.6946 1 0.0658106 0.0346212 0.0545682
21.7446 1 0.0657359 0.0150993 0.0484633
21.7945 1 0.0659867 0.0362831 0.10567
21.8445 1 0.0619518 0.0159925 0.0656845
21.8945 1 0.0638265 0.0198421 0.097088
21.9445 1 0.0701348 0.0283271 0.0363505
21.9945 1 0.0691099 0.0295108 0.108919
22.0445 1 0.076766 0.0859701 0.477041
22.0945 1 0.0604683 0.0542501 0.293807
22.1445 1 0.0642712 0.0131559 0.0570613
22.1944 1 0.0813281 0.0865858 0.405345
22.2444 1 0.0676354 0.02185 0.0722188
22.2944 1 0.0639036 0.0550915 0.255404
22.3444 1 0.0698999 0.0285681 0.151135
22.3944 1 0.0599915 0.0362882 0.182602
22.4444 1 0.0661217 0.0227529 0.0212106
22.4944 1 0.068348 0.0649851 0.323178
22.5444 1 0.0584682 0.0350329 0.0954449
22.5943 1 0.0684924 0.014291 0.0349524
22.6443 1 0.0566768 0.0420979 0.0951302
22.6943 1 0.0625093 0.0230869 0.0900881
22.7443 1 0.0704718 0.0233326 0.111878
22.7943 1 0.0735367 0.035809 0.0893674
22.8443 1 0.0776133 0.168243 0.622103
22.8943 1 0.0690748 0.0364931 0.0240787
22.9443 1 0.0652929 0.0213082 0.115725
22.9942 1 0.0645379 0.0167769 0.0476273
23.0442 1 0.0710137 0.037258 0.174765
23.0942 1 0.066532 0.0150355 0.00764311
23.1442 1 0.0707959 0.096123 0.578916
23.1942 1 0.0748243 0.177824 2.24436
23.2442 1 0.0779631 0.049555 0.32512
23.2942 1 0.0708777 0.0769098 0.071877
23.3442 1 0.072907 0.0283337 0.0944773
23.3941 1 0.0646816 0.0692243 0.45801
23.4441 1 0.066612 0.0654829 0.546538
23.4941 1 0.0782172 0.071615 0.194091
23.5441 1 0.0732521 0.0510597 0.387162
23.5941 1 0.0774909 0.0419851 0.182054
23.6441 1 0.0708282 0.0333451 0.134425
23.6941 1 0.0758576 0.107717 0.90742
23.7441 1 0.0702239 0.0203502 0.0467
23.794 1 0.0776495 0.0263294 0.0986376
23.844 1 0.0664056 0.0228993 0.0994766
23.894 1 0.0664543 0.0322075 0.10019
23.944 1 0.0788964 0.0283536 0.207407
23.994 1 0.0980498 0.18048 0.820946
24.044 1 0.0734483 0.0240315 0.112543
24.094 1 0.0679868 0.0183934 0.101401
24.144 1 0.0620218 0.234849 0.997337
24.1939 1 0.0705375 0.0156833 0.0815817
24.2439 1 0.0702955 0.0214045 0.191497
24.2939 1 0.0655806 0.0209607 0.0622005
24.3439 1 0.0725337 0.0229138 0.281883
24.3939 1 0.0629381 0.0416612 0.102563
24.4439 1 0.0769093 0.0428347 0.330933
24.4939 1 0.0740836 0.032 0.445205
24.5439 1 0.0562223 0.0683291 0.531485
24.5938 1 0.0666645 0.0250321 0.228234
24.6438 1 0.0689381 0.0219841 0.0875663
24.6938 1 0.0803591 0.0241306 0.115876
24.7438 1 0.0719117 0.0543685 0.365192
24.7938 1 0.0659753 0.068012 0.103899
24.8438 1 0.0681327 0.0434642 0.49732
24.8938 1 0.0757417 0.0184693 0.223105
24.9438 1 0.0698769 0.0134233 0.122154
24.9937 1 0.0771901 0.0429474 0.576883
25.0437 1 0.0700661 0.037466 0.503775
25.0937 1 0.0764239 0.0213857 0.306504
25.1437 1 0.0667638 0.107593 0.685181
25.1937 1 0.06767 0.0507241 0.390426
25.2437 1 0.0743395 0.0194941 0.137728
25.2937 1 0.0791099 0.0317844 0.537899
25.3437 1 0.0960644 0.0843044 0.612417
25.3936 1 0.0774898 0.0390149 0.224721
25.4436 1 0.0816874 0.0384171 0.143165
25.4936 1 0.0730202 0.023253 0.276482
25.5436 1 0.0789609 0.0280244 0.419003
25.5936 1 0.0757268 0.0194907 0.0571756
25.6436 1 0.0853009 0.0540952 0.476283
25.6936 1 0.0756141 0.02882 0.142167
25.7436 1 0.0755194 0.0124539 0.0535794
25.7935 1 0.0791519 0.0328452 0.256302
25.8435 1 0.0680955 0.0200097 0.156678
25.8935 1 0.0677027 0.0293081 0.0231321
25.9435 1 0.0737696 0.0744772 0.592565
25.9935 1 0.073781 0.0250099 0.319505
26.0435 1 0.0776669 0.0316938 0.259336
26.0935 1 0.0735385 0.0291318 0.0422213
26.1435 1 0.075345 0.0147272 0.0950706
26.1934 1 0.0701063 0.0280913 0.53803
26.2434 1 0.0718116 0.019236 0.0909859
26.2934 1 0.077008 0.0253176 0.36384
26.3434 1 0.0718662 0.0184912 0.508225
26.3934 1 0.0715398 0.0494332 0.53184
26.4434 1 0.084199 0.0301035 0.17951
26.4934 1 0.0807432 0.0204212 0.238136
26.5434 1 0.0719047 0.0233303 0.28635
26.5933 1 0.0786034 0.0289088 0.192827
26.6433 1 0.0792384 0.0268927 0.0912884
26.6933 1 0.1002 0.0799613 0.891581
26.7433 1 0.0795068 0.0193887 0.222422
26.7933 1 0.0559371 0.0707711 0.606817
26.8433 1 0.0665835 0.0355457 0.49459
26.8933 1 0.0946572 0.104842 1.95257
26.9433 1 0.0740466 0.0183844 0.300036
26.9932 1 0.0729463 0.0256124 0.153105
27.0432 1 0.0787861 0.0143709 0.185117
27.0932 1 0.0939946 0.0549728 1.00754
27.1432 1 0.0802745 0.0250002 0.401232
27.1932 1 0.0725423 0.0311539 0.20649
27.2432 1 0.0694115 0.0252962 0.348723
27.2932 1 0.079381 0.0356928 0.661605
27.3432 1 0.0833741 0.0497084 0.910482
27.3931 1 0.0830201 0.0324621 0.376298
27.4431 1 0.0704436 0.037812 0.263065
27.4931 1 0.0755915 0.0236996 0.214596
27.5431 1 0.0717787 0.0210277 0.367244
27.5931 1 0.0812366 0.0153413 0.0825813
27.6431 1 0.0800729 0.0495758 0.222946
27.6931 1 0.0562771 0.0566387 0.18131
27.7431 1 0.0943325 0.0418338 0.10087
27.793 1 0.0836464 0.0226695 0.0747454
27.843 1 0.0869548 0.045226 0.309531
27.893 1 0.0633039 0.0441944 0.141803
27.943 1 0.0715737 0.0720519 0.533048
27.993 1 0.0733119 0.0272207 0.132483
28.043 1 0.0973952 0.0986691 0.137632
28.093 1 0.0811835 0.0225837 0.0752615
28.143 1 0.0892844 0.0372792 0.594308
28.1929 1 0.0881679 0.0252366 0.135884
28.2429 1 0.0926865 0.076066 0.482544
28.2929 1 0.0836773 0.0228441 0.124826
28.3429 1 0.0834218 0.0126226 0.035874
28.3929 1 0.0844281 0.0219105 0.158964
28.4429 1 0.0876436 0.0238321 0.0512998
28.4929 1 0.0685962 0.0357743 0.0818291
28.5429 1 0.0782621 0.0198889 0.134246
28.5928 1 0.0777475 0.083013 0.735011
28.6428 1 0.0752453 0.0193185 0.24319
28.6928 1 0.0969173 0.0865504 0.252647
28.7428 1 0.0629252 0.0651267 0.0711181
28.7928 1 0.0859352 0.0433851 0.164349
28.8428 1 0.0925869 0.0710244 0.143397
28.8928 1 0.0761098 0.0664958 0.234748
28.9428 1 0.0753072 0.0463882 0.309284
28.9927 1 0.079884 0.0232112 0.190189
29.0427 1 0.0828859 0.109785 0.954422
29.0927 1 0.0802204 0.0308833 0.20354
29.1427 1 0.0709298 0.0370234 0.341533
29.1927 1 0.0833622 0.0162206 0.0206059
29.2427 1 0.0866988 0.0455798 0.179089
29.2927 1 0.077651 0.0310202 0.0593393
29.3427 1 0.0848712 0.033021 0.23864
29.3926 1 0.0786517 0.0268297 0.0821932
29.4426 1 0.110303 0.0943497 0.420527
29.4926 1 0.0783858 0.055203 0.223398
29.5426 1 0.0832189 0.0256221 0.0886349
29.5926 1 0.0745904 0.114352 0.288228
29.6426 1 0.0872454 0.0196883 0.173463
29.6926 1 0.0861301 0.0778494 0.177349
29.7426 1 0.0810303 0.0133438 0.0392027
29.7925 1 0.0803372 0.0392049 0.121961
29.8425 1 0.0897479 0.0292638 0.133853
29.8925 1 0.0944855 0.0371845 0.0993503
29.9425 1 0.0783371 0.0232945 0.190686
29.9925 1 0.087259 0.0173128 0.133124
30.0425 1 0.0972192 0.0612462 0.308861
30.0925 1 0.0934439 0.0281671 0.0124911
30.1425 1 0.0896784 0.0198546 0.0645368
30.1924 1 0.0884737 0.0305102 0.242277
30.2424 1 0.0692564 0.0661993 0.0237025
30.2924 1 0.078569 0.0192273 0.153738
30.3424 1 0.0876933 0.0196099 0.105772
30.3924 1 0.0871023 0.0147474 0.0728284
30.4424 1 0.0870947 0.0387417 0.216569
30.4924 1 0.0935116 0.0408607 0.154971
30.5424 1 0.0825919 0.0299502 0.156179
30.5923 1 0.0850139 0.00894007 0.0094809
30.6423 1 0.0881109 0.0302186 0.20151
30.6923 1 0.0861125 0.0720018 0.06377
30.7423 1 0.0813941 0.0260589 0.126856
30.7923 1 0.0929592 0.151087 0.573746
30.8423 1 0.0816531 0.0170623 0.0975707
30.8923 1 0.0856804 0.0222178 0.107886
30.9423 1 0.0833872 0.0217548 0.025634
30.9922 1 0.0822463 0.0212571 0.11544
31.0422 1 0.092903 0.039899 0.0992898
31.0922 1 0.0763257 0.0439184 0.0762348
31.1422 1 0.0853204 0.0300047 0.0860789
31.1922 1 0.0833855 0.0331467 0.0967574
31.2422 1 0.0900052 0.0229823 0.0631152
31.2922 1 0.0853715 0.0149503 0.0292496
31.3422 1 0.109352 0.0800788 0.138457
31.3921 1 0.0828714 0.0342067 0.131483
31.4421 1 0.0867305 0.0229175 0.0550816
31.4921 1 0.0923213 0.0235438 0.0631273
31.5421 1 0.0988319 0.0440941 0.119536
31.5921 1 0.0811525 0.0270428 0.0776715
31.6421 1 0.0958076 0.0778278 0.195559
31.6921 1 0.0851713 0.0361072 0.0981696
31.7421 1 0.0884147 0.0200254 0.0499137
31.792 1 0.0958114 0.0433391 0.105252
31.842 1 0.0856616 0.0104606 0.0348297
31.892 1 0.0939651 0.0316128 0.095032
31.942 1 0.108381 0.120168 0.627929
31.992 1 0.0901246 0.0211899 0.0759378
32.042 1 0.0843305 0.0205378 0.0686283
32.092 1 0.0802826 0.0421449 0.144722
32.142 1 0.0930806 0.0167738 0.0222949
32.1919 1 0.0899554 0.0272716 0.0750265
32.2419 1 0.0846955 0.0383179 0.13167
32.2919 1 0.0804331 0.0636125 0.239819
32.3419 1 0.0855016 0.0288221 0.145889
32.3919 1 0.0895744 0.0220206 0.014647
32.4419 1 0.0936554 0.0171668 0.0489027
32.4919 1 0.0943236 0.0171984 0.0878162
32.5419 1 0.0799181 0.0633998 0.287524
32.5918 1 0.0856622 0.0176209 0.1216
32.6418 1 0.0931089 0.0386384 0.157881
32.6918 1 0.0914698 0.00860314 0.0297253
32.7418 1 0.0882322 0.0322367 0.0857026
32.7918 1 0.0895294 0.0269595 0.155343
32.8418 1 0.0894377 0.0313191 0.154636
32.8918 1 0.0982647 0.0410883 0.466274
32.9418 1 0.0860406 0.0415592 0.275458
32.9917 1 0.0888101 0.0441893 0.181467
33.0417 1 0.092739 0.0285972 0.0798934
33.0917 1 0.107152 0.0940734 0.271016
33.1417 1 0.090437 0.0288451 0.120583
33.1917 1 0.0931487 0.0214951 0.100551
33.2417 1 0.0901623 0.0142571 0.123822
33.2917 1 0.100455 0.0236942 0.291042
33.3417 1 0.0929388 0.0297427 0.229284
33.3916 1 0.0902991 0.0176219 0.114563
33.4416 1 0.0942801 0.0137947 0.0314901
33.4916 1 0.0972958 0.0197728 0.16562
33.5416 1 0.0944241 0.0202334 0.0176518
33.5916 1 0.105076 0.0558275 0.257128
33.6416 1 0.0956831 0.01615 0.0741664
33.6916 1 0.0950718 0.0133734 0.217565
33.7416 1 0.0872416 0.0366848 0.28345
33.7915 1 0.0903353 0.0240885 0.184525
33.8415 1 0.0912487 0.0160355 0.143376
33.8915 1 0.0918485 0.0122262 0.149939
33.9415 1 0.109949 0.0499755 0.196339
33.9915 1 0.0956772 0.0273014 0.0816627
34.0415 1 0.0940627 0.04306 0.449626
34.0915 1 0.0929925 0.0198556 0.296951
34.1415 1 0.0905502 0.0358097 0.430871
34.1914 1 0.0926866 0.0403328 0.165237
34.2414 1 0.0944849 0.0161987 0.24221
34.2914 1 0.0981619 0.0353464 0.3292
34.3414 1 0.0953216 0.0160016 0.117319
34.3914 1 0.0944038 0.0231691 0.184175
34.4414 1 0.0924237 0.019035 0.226921
34.4914 1 0.0921594 0.0126042 0.159763
34.5414 1 0.093043 0.0140825 0.189742
34.5913 1 0.0993022 0.0676725 0.423717
34.6413 1 0.0986838 0.0276079 0.214255
34.6913 1 0.0987129 0.0202034 0.409439
34.7413 1 0.0893546 0.0225101 0.343635
34.7913 1 0.0903391 0.0323629 0.266619
34.8413 1 0.10929 0.0444124 0.47429
34.8913 1 0.0872975 0.0255244 0.264343
34.9413 1 0.0945673 0.0330774 0.259315
34.9912 1 0.0994464 0.0533094 0.470202
35.0412 1 0.0944759 0.0356194 0.500936
35.0912 1 0.100084 0.0512802 0.48478
35.1412 1 0.0915804 0.0102638 0.110474
35.1912 1 0.0980468 0.013024 0.0407443
35.2412 1 0.0910141 0.0165983 0.297396
35.2912 1 0.0931377 0.0159727 0.184499
35.3412 1 0.0979118 0.0132582 0.0570883
35.3911 1 0.100537 0.0254011 0.383427
35.4411 1 0.0962095 0.0430609 0.30959
35.4911 1 0.0946432 0.00787199 0.091053
35.5411 1 0.101057 0.0117095 0.188126
35.5911 1 0.103833 0.0197472 0.0501384
35.6411 1 0.100149 0.0163392 0.285258
35.6911 1 0.0965845 0.0173658 0.217149
35.7411 1 0.0989003 0.0079083 0.0763781
35.791 1 0.099254 0.00859517 0.0733362
35.841 1 0.105756 0.0464551 0.345943
35.891 1 0.0989275 0.0117019 0.0967603
35.941 1 0.0994121 0.010856 0.0385254
35.991 1 0.0959934 0.0175342 0.202739
36.041 1 0.0973237 0.0250379 0.205717
36.091 1 0.101299 0.0178411 0.0794733
36.141 1 0.0998165 0.0229376 0.226962
36.1909 1 0.0999406 0.0214796 0.0674255
36.2409 1 0.0980134 0.00882963 0.0524605
36.2909 1 0.11521 0.0559563 1.02276
36.3409 1 0.101055 0.0255075 0.361507
36.3909 1 0.101102 0.013559 0.179435
36.4409 1 0.0979988 0.00730697 0.104842
36.4909 1 0.0989348 0.0175222 0.332241
36.5409 1 0.100031 0.0135022 0.229609
36.5908 1 0.111061 0.0385027 0.217833
36.6408 1 0.0971295 0.0103824 0.0563022
36.6908 1 0.0986124 0.0327002 0.201314
36.7408 1 0.104309 0.0151163 0.21132
36.7908 1 0.0992484 0.0072861 0.0979111
36.8408 1 0.0954356 0.0118508 0.179193
36.8908 1 0.096732 0.0206277 0.0687701
36.9408 1 0.0966278 0.00923615 0.0358147
36.9907 1 0.0967366 0.0124739 0.156334
37.0407 1 0.0974175 0.0140721 0.0979211
37.0907 1 0.10467 0.0273045 0.313556
37.1407 1 0.0997962 0.0121586 0.0510554
37.1907 1 0.0995192 0.0164266 0.0861906
37.2407 1 0.110953 0.0434637 0.404573
37.2907 1 0.100479 0.0196057 0.107878
37.3407 1 0.0970977 0.0150987 0.26261
37.3906 1 0.102134 0.00959661 0.115311
37.4406 1 0.104843 0.0175122 0.161472
37.4906 1 0.106786 0.0297962 0.262044
37.5406 1 0.10287 0.0155317 0.0164009
37.5906 1 0.0939165 0.0157665 0.205033
37.6406 1 0.10075 0.0366108 0.617496
37.6906 1 0.101216 0.0140811 0.137813
37.7406 1 0.102273 0.0268919 0.223331
37.7905 1 0.10113 0.00817645 0.0957724
37.8405 1 0.103141 0.0263542 0.271862
37.8905 1 0.0937202 0.0181524 0.291221
37.9405 1 0.0766885 0.0465512 0.35803
37.9905 1 0.109236 0.0635278 0.445372
38.0405 1 0.0966915 0.0279455 0.569628
38.0905 1 0.0989715 0.0255771 0.365779
38.1405 1 0.104291 0.0265114 0.127902
38.1904 1 0.0817552 0.0939913 1.50286
38.2404 1 0.103356 0.023378 0.221025
38.2904 1 0.105168 0.0579023 0.244897
38.3404 1 0.110522 0.101638 0.615333
38.3904 1 0.107237 0.0875712 0.898513
38.4404 1 0.104576 0.0468725 0.205698
38.4904 1 0.109393 0.0204674 0.0745539
38.5404 1 0.100716 0.0387662 0.422675
38.5903 1 0.101779 0.0127711 0.136209
38.6403 1 0.0981452 0.0279621 0.315443
38.6903 1 0.101825 0.0447644 0.15563
38.7403 1 0.0905292 0.0828578 0.397362
38.7903 1 0.101114 0.0382954 0.342188
38.8403 1 0.0947928 0.0838054 1.10387
38.8903 1 0.105605 0.0270507 0.164126
38.9403 1 0.0992459 0.0175959 0.198043
38.9902 1 0.111614 0.0354978 0.22692
39.0402 1 0.0975699 0.0216067 0.0691976
39.0902 1 0.0967298 0.0244953 0.0822502
39.1402 1 0.101983 0.0147319 0.142037
39.1902 1 0.107111 0.0189291 0.11496
39.2402 1 0.11027 0.0208049 0.159979
39.2902 1 0.0903266 0.0487196 0.28139
39.3402 1 0.109639 0.0225582 0.0282209
39.3901 1 0.11076 0.0493045 0.626243
39.4401 1 0.100918 0.0564439 0.336983
39.4901 1 0.118202 0.0469701 0.339338
39.5401 1 0.111324 0.0346839 0.247751
39.5901 1 0.111172 0.11188 0.428638
39.6401 1 0.1044 0.117426 0.532635
39.6901 1 0.105867 0.0205274 0.115205
39.7401 1 0.0807456 0.153071 0.507162
39.79 1 0.12475 0.110146 0.674076
39.84 1 0.101002 0.0244351 0.0998909
39.89 1 0.104223 0.0241693 0.0553967
39.94 1 0.0996227 0.0566675 0.50042
39.99 1 0.0982935 0.160895 0.164644
40.04 1 0.106683 0.0214698 0.161423
40.09 1 0.105249 0.0179132 0.0764179
40.14 1 0.10075 0.0391141 0.163949
40.1899 1 0.108441 0.0152054 0.0188256
40.2399 1 0.0934585 0.0646383 0.222031
40.2899 1 0.110005 0.0227726 0.0596531
40.3399 1 0.0950382 0.050183 0.0666353
40.3899 1 0.130154 0.0794201 0.35616
40.4399 1 0.109805 0.0165004 0.0279025
40.4899 1 0.105034 0.0163584 0.047946
40.5399 1 0.115837 0.0453671 0.142997
40.5898 1 0.109711 0.0183655 0.113973
40.6398 1 0.111036 0.0280556 0.0532854
40.6898 1 0.115541 0.0473878 0.153024
40.7398 1 0.102786 0.0380468 0.0500083
40.7898 1 0.112117 0.0255848 0.0544847
40.8398 1 0.106926 0.0506 0.0316207
40.8898 1 0.109161 0.0246595 0.0361763
40.9398 1 0.103491 0.0414621 0.0719762
40.9897 1 0.106711 0.0263509 0.065585
41.0397 1 0.113708 0.0460659 0.133195
41.0897 1 0.101353 0.0340977 0.0682111
41.1397 1 0.1079 0.0180801 0.0366954
41.1897 1 0.106396 0.0174145 0.0370824
41.2397 1 0.106372 0.0171134 0.0272514
41.2897 1 0.106895 0.0160548 0.00673041
41.3397 1 0.120878 0.0792579 0.263318
41.3896 1 0.107947 0.0158763 0.0136893
41.4396 1 0.113503 0.0167664 0.00251146
41.4896 1 0.108844 0.0119045 0.0312092
41.5396 1 0.108849 0.0143176 0.0312732
41.5896 1 0.107883 0.0384416 0.0802828
41.6396 1 0.109619 0.00927022 0.0268887
41.6896 1 0.135541 0.0973562 0.0500669
41.7396 1 0.110736 0.0683375 0.135511
41.7895 1 0.11344 0.101478 0.145711
41.8395 1 0.106502 0.0205688 0.0235867
41.8895 1 0.105397 0.0226208 0.0152356
41.9395 1 0.107467 0.023475 0.0271406
41.9895 1 0.109438 0.0188819 0.0340991
42.0395 1 0.110101 0.0290829 0.0404297
42.0895 1 0.117347 0.0563966 0.0646239
42.1395 1 0.111931 0.0148302 0.0190396
42.1894 1 0.11244 0.0184086 0.0204634
42.2394 1 0.114574 0.0570361 0.0712206
42.2894 1 0.110647 0.0370296 0.0373109
42.3394 1 0.108386 0.0123692 0.0109055
42.3894 1 0.177959 0.231688 0.167127
42.4394 1 0.115274 0.0188598 0.0323119
42.4894 1 0.114599 0.0262473 0.0676328
42.5394 1 0.108482 0.0233328 0.0887713
42.5893 1 0.106735 0.0381598 0.0975464
42.6393 1 0.112349 0.00960732 0.0183978
42.6893 1 0.109208 0.0234226 0.0104302
42.7393 1 0.107818 0.0432792 0.033516
42.7893 1 0.119188 0.0830912 0.236658
42.8393 1 0.110864 0.0168491 0.0191585
42.8893 1 0.10503 0.0238624 0.0496973
42.9393 1 0.114396 0.0190335 0.100832
42.9892 1 0.110055 0.0391673 0.0346248
43.0392 1 0.111234 0.0363377 0.0648602
43.0892 1 0.118058 0.0677343 0.19493
43.1392 1 0.121129 0.028096 0.0263162
43.1892 1 0.108165 0.0569213 0.122155
43.2392 1 0.12613 0.0409355 0.0722853
43.2892 1 0.10834 0.0628251 0.240872
43.3392 1 0.113896 0.0123665 0.022589
43.3891 1 0.119016 0.0560162 0.339702
43.4391 1 0.11451 0.0189309 0.0658799
43.4891 1 0.119603 0.0240562 0.0572681
43.5391 1 0.117755 0.0229218 0.0699819
43.5891 1 0.107767 0.0375898 0.167277
43.6391 1 0.145763 0.142319 0.664929
43.6891 1 0.106754 0.0260342 0.207833
43.7391 1 0.115182 0.0142878 0.0527391
43.789 1 0.111864 0.0379825 0.242706
43.839 1 0.114021 0.0168671 0.106603
43.889 1 0.111467 0.0390244 0.14819
43.939 1 0.115147 0.0162836 0.0549061
43.989 1 0.116303 0.0155439 0.108938
44.039 1 0.120038 0.0374719 0.212477
44.089 1 0.119911 0.017385 0.176835
44.139 1 0.110425 0.0257645 0.14698
44.1889 1 0.112087 0.0528195 0.559088
44.2389 1 0.115534 0.0278994 0.241685
44.2889 1 0.112269 0.0418084 0.175161
44.3389 1 0.110748 0.0334383 0.168759
44.3889 1 0.102058 0.0937028 0.389914
44.4389 1 0.12508 0.0467144 0.0439908
44.4889 1 0.113733 0.0342317 0.238112
44.5389 1 0.1075 0.0316856 0.195635
44.5888 1 0.111777 0.0394925 0.251381
44.6388 1 0.115751 0.0291876 0.17387
44.6888 1 0.120191 0.0299274 0.137997
44.7388 1 0.108145 0.0390659 0.192304
44.7888 1 0.114898 0.0421772 0.222091
44.8388 1 0.125324 0.0762045 0.458321
44.8888 1 0.11904 0.0230048 0.184817
44.9388 1 0.129294 0.0564445 0.261391
44.9887 1 0.117635 0.0407379 0.207013
45.0387 1 0.106818 0.0467739 0.538611
45.0887 1 0.119227 0.0185412 0.2023
45.1387 1 0.118952 0.0333998 0.357736
45.1887 1 0.101312 0.0393161 0.171683
45.2387 1 0.12184 0.0197049 0.294015
45.2887 1 0.125527 0.0433159 0.655125
45.3387 1 0.0713228 0.139461 0.22151
45.3886 1 0.124285 0.019834 0.106914
45.4386 1 0.136695 0.0851486 0.47371
45.4886 1 0.124888 0.0308548 0.472004
45.5386 1 0.1146 0.0292532 0.633506
45.5886 1 0.112741 0.0199747 0.28369
45.6386 1 0.128678 0.0297521 0.312193
45.6886 1 0.115242 0.0307737 0.327268
45.7386 1 0.123872 0.0232083 0.258369
45.7885 1 0.120499 0.0099798 0.069586
45.8385 1 0.124676 0.0251425 0.181407
45.8885 1 0.132528 0.0246371 0.166459
45.9385 1 0.12152 0.0127138 0.21231
45.9885 1 0.116522 0.0253834 0.212527
46.0385 1 0.127627 0.0426286 0.302727
46.0885 1 0.13488 0.0681646 0.50155
46.1385 1 0.116102 0.027873 0.271542
46.1884 1 0.134706 0.0353401 0.21325
46.2384 1 0.136647 0.0534036 0.280353
46.2884 1 0.0725901 0.133107 0.562964
46.3384 1 0.118976 0.0173129 0.371251
46.3884 1 0.120453 0.0282972 0.428303
46.4384 1 0.121906 0.026957 0.0972617
46.4884 1 0.116144 0.0327498 0.344376
46.5384 1 0.123177 0.0248835 0.177224
46.5883 1 0.119572 0.00959129 0.069812
46.6383 1 0.132334 0.0614175 0.410254
46.6883 1 0.119219 0.0338502 0.318513
46.7383 1 0.127301 0.0238129 0.0266684
46.7883 1 0.103493 0.0277714 0.263047
46.8383 1 0.0762284 0.0908142 1.89466
46.8883 1 0.12444 0.0239277 0.169644
46.9383 1 0.113713 0.0205102 0.234
46.9882 1 0.128961 0.0257881 0.15702
47.0382 1 0.121975 0.0156826 0.128916
47.0882 1 0.118263 0.0193306 0.210082
47.1382 1 0.12306 0.0329995 0.453622
47.1882 1 0.118228 0.0111966 0.0391331
47.2382 1 0.13165 0.0271094 0.378817
47.2882 1 0.127511 0.011719 0.168977
47.3382 1 0.123009 0.0123096 0.163817
47.3881 1 0.119547 0.0373684 0.324927
47.4381 1 0.112949 0.0304927 0.364817
47.4881 1 0.119786 0.0169003 0.0913802
47.5381 1 0.124142 0.0271208 0.0527639
47.5881 1 0.117979 0.00977212 0.118145
47.6381 1 0.119172 0.047609 0.881928
47.6881 1 0.113766 0.0394822 0.363383
47.7381 1 0.127694 0.024975 0.317691
47.788 1 0.118404 0.0133116 0.231267
47.838 1 0.139077 0.0481796 0.282493
47.888 1 0.123975 0.0291884 0.351882
47.938 1 0.148898 0.0778232 0.201359
47.988 1 0.116046 0.0242492 0.166192
48.038 1 0.167209 0.048029 0.447016
48.088 1 0.113672 0.0200382 0.306504
48.138 1 0.101633 0.0408085 0.417124
48.1879 1 0.127542 0.0270703 0.204533
48.2379 1 0.121135 0.0157594 0.0896011
48.2879 1 0.112625 0.0329958 0.25352
48.3379 1 0.139577 0.032387 0.292545
48.3879 1 0.122243 0.0189906 0.255305
48.4379 1 0.137074 0.0358401 0.145946
48.4879 1 0.124761 0.00962949 0.269476
48.5379 1 0.12419 0.024259 0.416699
48.5878 1 0.121954 0.00905226 0.0635968
48.6378 1 0.1415 0.0800737 0.970506
48.6878 1 0.121452 0.0342916 0.37895
48.7378 1 0.129445 0.0185025 0.297604
48.7878 1 0.111666 0.0329117 0.290556
48.8378 1 0.12745 0.0423414 0.230127
48.8878 1 0.140621 0.0220371 0.164945
48.9378 1 0.127831 0.0173235 0.243925
48.9877 1 0.149355 0.0413894 0.476997
49.0377 1 0.117403 0.0408155 0.292843
49.0877 1 0.135313 0.0212107 0.272209
49.1377 1 0.142584 0.0168154 0.208209
49.1877 1 0.127126 0.0250469 0.408437
49.2377 1 0.122525 0.0163056 0.233763
49.2877 1 0.126732 0.0375008 0.523072
49.3377 1 0.159485 0.0522049 0.558871
49.3876 1 0.135299 0.0292253 0.409556
49.4376 1 0.111716 0.0208223 0.180545
49.4876 1 0.137379 0.0216958 0.309817
49.5376 1 0.118844 0.0358248 0.687797
49.5876 1 0.129261 0.0181389 0.111157
49.6376 1 0.132567 0.0514602 0.397736
49.6876 1 0.119519 0.0378442 0.287809
49.7376 1 0.126286 0.0208871 0.146882
49.7875 1 0.127173 0.028355 0.459125
49.8375 1 0.117766 0.0215324 0.413909
49.8875 1 0.14144 0.0592963 0.202681
49.9375 1 0.116066 0.0264229 0.356474
49.9875 1 0.13509 0.0244525 0.0768701
50.0375 1 0.124416 0.0230791 0.0469163
50.0875 1 0.124423 0.0202583 0.252779
50.1375 1 0.121349 0.0579134 0.533332
50.1874 1 0.116548 0.0326775 0.454286
50.2374 1 0.131855 0.0191461 0.218118
50.2874 1 0.136802 0.0287629 0.112371
50.3374 1 0.113617 0.0497582 0.356365
50.3874 1 0.144719 0.0423179 0.164262
50.4374 1 0.188079 0.36466 2.79242
50.4874 1 0.131641 0.0268204 0.290267
50.5374 1 0.130367 0.0196158 0.0583853
50.5873 1 0.130461 0.0311993 0.244284
50.6373 1 0.128571 0.0390277 0.444446
50.6873 1 0.134935 0.0427394 0.264604
50.7373 1 0.126086 0.0123742 0.0124608
50.7873 1 0.112421 0.0497195 0.246661
50.8373 1 0.125776 0.0174578 0.0590212
50.8873 1 0.123265 0.0242286 0.117574
50.9373 1 0.152186 0.160439 0.84289
50.9872 1 0.134862 0.0294989 0.0809145
51.0372 1 0.114333 0.0258375 0.217372
51.0872 1 0.127919 0.0182641 0.113926
51.1372 1 0.136184 0.0207966 0.111242
51.1872 1 0.127366 0.0319047 0.200972
51.2372 1 0.121284 0.102013 0.733435
51.2872 1 0.132865 0.0230393 0.403721
51.3372 1 0.128048 0.0128414 0.04021
51.3871 1 0.138888 0.0370511 0.17479
51.4371 1 0.13042 0.012593 0.0913558
51.4871 1 0.126699 0.0275827 0.249341
51.5371 1 0.129359 0.0443256 0.163273
51.5871 1 0.130455 0.0271999 0.202935
51.6371 1 0.0175968 0.683577 1.82296
51.6871 1 0.129929 0.0151121 0.0773219
51.7371 1 0.123274 0.0262648 0.146075
51.787 1 0.123664 0.0618913 0.135175
51.837 1 0.129108 0.0379054 0.189238
51.887 1 0.134225 0.0431343 0.101435
51.937 1 0.125614 0.0452815 0.100315
51.987 1 0.123825 0.0320175 0.120796
52.037 1 0.143285 0.0454268 0.0497438
52.087 1 0.129729 0.016317 0.0416225
52.137 1 0.113471 0.0986589 0.117756
52.1869 1 0.125106 0.02511 0.0705329
52.2369 1 0.12559 0.0222958 0.0586586
52.2869 1 0.129664 0.038562 0.0995554
52.3369 1 0.130592 0.0304275 0.0751666
52.3869 1 0.125614 0.0265273 0.0443249
52.4369 1 0.134133 0.033427 0.056047
52.4869 1 0.126077 0.0398019 0.0482203
52.5369 1 0.13286 0.0162468 0.0322477
52.5868 1 0.12801 0.0259936 0.0521729
52.6368 1 0.135221 0.014628 0.026524
52.6868 1 0.122666 0.0796636 0.219467
52.7368 1 0.131639 0.0298214 0.0592427
52.7868 1 0.132175 0.0155112 0.0321429
52.8368 1 0.141907 0.0323337 0.0895415
52.8868 1 0.149618 0.0629451 0.0677445
52.9368 1 0.125721 0.0529529 0.0595896
52.9867 1 0.135515 0.0300257 0.0704853
53.0367 1 0.141742 0.0190746 0.0422656
53.0867 1 0.134699 0.0217244 0.0127927
53.1367 1 0.132942 0.0242414 0.0705724
53.1867 1 0.127414 0.0226825 0.00902115
53.2367 1 0.129686 0.0222246 0.0653486
53.2867 1 0.13359 0.0752968 0.289912
53.3367 1 0.143421 0.0273889 0.111407
53.3866 1 0.138543 0.0301964 0.098522
53.4366 1 0.137073 0.0229297 0.137677
53.4866 1 0.133965 0.0186567 0.066228
53.5366 1 0.13553 0.0282529 0.0623146
53.5866 1 0.135586 0.0366721 0.0961451
53.6366 1 0.140943 0.0251332 0.186884
53.6866 1 0.111207 0.0685624 0.292253
53.7366 1 0.136078 0.0777112 0.203347
53.7865 1 0.126358 0.0399966 0.125923
53.8365 1 0.134647 0.0159714 0.0923998
53.8865 1 0.133171 0.0542159 0.347467
53.9365 1 0.136229 0.0163671 0.111044
53.9865 1 0.128101 0.0181987 0.281423
54.0365 1 0.143502 0.0417238 0.406729
54.0865 1 0.132818 0.0496793 0.176808
54.1365 1 0.136262 0.0159594 0.0784578
54.1864 1 0.104494 0.099092 0.647318
54.2364 1 0.135443 0.019601 0.185995
54.2864 1 0.129177 0.0549394 0.580049
54.3364 1 0.139538 0.0285833 0.264736
54.3864 1 0.138762 0.0686884 0.665309
54.4364 1 0.12771 0.0724167 1.06947
54.4864 1 0.162484 0.0558637 0.432814
54.5364 1 0.132151 0.0376054 0.238624
54.5863 1 0.141307 0.0300741 0.35706
54.6363 1 0.137589 0.0378959 0.493096
54.6863 1 0.131623 0.037267 0.128728
54.7363 1 0.137886 0.0146578 0.0336663
54.7863 1 0.0832571 0.0942866 0.43158
54.8363 1 0.139232 0.0190115 0.12881
54.8863 1 0.132409 0.0568728 1.27543
54.9363 1 0.15459 0.044414 0.416847
54.9862 1 0.132506 0.0805438 0.703017
55.0362 1 0.139349 0.029996 0.243235
55.0862 1 0.131487 0.0264138 0.196509
55.1362 1 0.127926 0.101364 0.752646
55.1862 1 0.131198 0.039236 0.39348
55.2362 1 0.243066 0.252361 1.1459
55.2862 1 0.164239 0.0766899 0.385115
55.3362 1 0.141491 0.134371 1.04139
55.3861 1 0.131134 0.0164542 0.245445
55.4361 1 0.131954 0.0443843 0.26923
55.4861 1 0.146368 0.0239724 0.263583
55.5361 1 0.134081 0.049324 0.301896
55.5861 1 0.131945 0.0296827 0.4637
55.6361 1 0.131579 0.0183904 0.213026
55.6861 1 0.138606 0.0135737 0.116522
55.7361 1 0.139691 0.025517 0.201159
55.786 1 0.152154 0.0696669 0.282331
55.836 1 0.138555 0.0168379 0.0472541
55.886 1 0.158184 0.0522426 0.728942
55.936 1 0.139772 0.0189534 0.176759
55.986 1 0.142318 0.068363 0.894207
56.036 1 0.127789 0.0482499 0.411056
56.086 1 0.135194 0.040154 0.264855
56.136 1 0.130531 0.0325181 0.323382
56.1859 1 0.136424 0.0216763 0.105151
56.2359 1 0.139021 0.0142344 0.210009
56.2859 1 0.142753 0.030323 0.525034
56.3359 1 0.135283 0.0145996 0.150448
56.3859 1 0.158564 0.0444715 0.0811314
56.4359 1 0.133595 0.0195673 0.189556
56.4859 1 0.133348 0.0184644 0.097642
56.5359 1 0.132466 0.0175005 0.387856
56.5858 1 0.139762 0.0154984 0.189055
56.6358 1 0.140739 0.0281717 0.193328
56.6858 1 0.108687 0.112083 1.71732
56.7358 1 0.153574 0.0508449 0.409631
56.7858 1 0.147969 0.0198132 0.0317306
56.8358 1 0.15054 0.0367598 0.33307
56.8858 1 0.137591 0.034567 0.205993
56.9358 1 0.140638 0.0131695 0.28095
56.9857 1 0.144726 0.0317026 0.240167
57.0357 1 0.140199 0.0386717 0.367958
57.0857 1 0.129457 0.0425694 0.130784
57.1357 1 0.131397 0.0793516 0.863547
57.1857 1 0.140144 0.0145716 0.250203
57.2357 1 0.149334 0.0253981 0.558876
57.2857 1 0.150426 0.0205139 0.135081
57.3357 1 0.138537 0.0642943 0.707503
57.3856 1 0.147029 0.0262794 0.323127
57.4356 1 0.152616 0.0694247 0.504151
57.4856 1 0.138967 0.0270709 0.215272
57.5356 1 0.136321 0.0190216 0.0588596
57.5856 1 0.1441 0.0146858 0.17839
57.6356 1 0.139528 0.012057 0.0433056
57.6856 1 0.154871 0.0909867 0.822024
57.7356 1 0.159288 0.0511494 0.423173
57.7855 1 0.147651 0.0199093 0.2503
57.8355 1 0.126665 0.0519014 0.367501
57.8855 1 0.138622 0.0133958 0.161787
57.9355 1 0.148388 0.0274217 0.467771
57.9855 1 0.144389 0.021118 0.474449
58.0355 1 0.141497 0.0211698 0.139833
58.0855 1 0.139678 0.0322588 0.369629
58.1355 1 0.152321 0.0468798 0.0553466
58.1854 1 0.14949 0.0294666 0.181046
58.2354 1 0.130343 0.0318023 0.375106
58.2854 1 0.153185 0.0484451 0.225718
58.3354 1 0.150712 0.0212473 0.303978
58.3854 1 0.147635 0.0190041 0.157012
58.4354 1 0.13454 0.0754836 0.545779
58.4854 1 0.130879 0.0480616 0.483514
58.5354 1 0.136564 0.0335569 0.266889
58.5853 1 0.142594 0.0214273 0.10936
58.6353 1 0.144537 0.0256826 0.257793
58.6853 1 0.137713 0.036982 0.401884
58.7353 1 0.119588 0.0694544 1.13539
58.7853 1 0.147194 0.024403 0.170745
58.8353 1 0.134556 0.0544984 0.44678
58.8853 1 0.152908 0.210938 4.29532
58.9353 1 0.141987 0.0333822 0.946846
58.9852 1 0.136431 0.0240446 0.318901
59.0352 1 0.159038 0.0916156 0.234387
59.0852 1 0.142464 0.00709318 0.124235
59.1352 1 0.147108 0.026522 0.171417
59.1852 1 0.153178 0.170295 0.35419
59.2352 1 0.14846 0.0168366 0.124852
59.2852 1 0.148543 0.0185031 0.142187
59.3352 1 0.141683 0.00923608 0.139515
59.3851 1 0.146119 0.0248382 0.177775
59.4351 1 0.140899 0.0266415 0.173453
59.4851 1 0.138503 0.0125507 0.298512
59.5351 1 0.141908 0.01497 0.0977259
59.5851 1 0.151264 0.101278 0.415983
59.6351 1 0.165667 0.0709013 0.322038
59.6851 1 0.134055 0.0748843 0.358063
59.7351 1 0.146807 0.0264309 0.0227146
59.785 1 0.126082 0.0356644 0.61737
59.835 1 0.14915 0.0407323 0.341862
59.885 1 0.13861 0.0322745 0.128096
59.935 1 0.116555 0.0399972 0.311987
59.985 1 0.143657 0.0467812 0.590254
60.035 1 0.152696 0.0610116 0.598946
60.085 1 0.152248 0.193644 1.65553
60.135 1 0.137757 0.0273026 0.252584
60.1849 1 0.16101 0.0310311 0.431892
60.2349 1 0.146613 0.0221995 0.079882
60.2849 1 0.149781 0.0245401 0.205824
60.3349 1 0.143664 0.0377134 0.500839
60.3849 1 0.159855 0.0411824 0.333037
60.4349 1 0.149629 0.0293514 0.289505
60.4849 1 0.137906 0.044171 0.254579
60.5349 1 0.151801 0.0345911 0.151608
60.5848 1 0.142994 0.0226238 0.314154
60.6348 1 0.138687 0.0208239 0.21561
60.6848 1 0.149938 0.0145307 0.16045
60.7348 1 0.143732 0.0218934 0.0799056
60.7848 1 0.149461 0.0314369 0.46019
60.8348 1 0.142965 0.0545836 0.3249
60.8848 1 0.157848 0.0512536 0.817557
60.9348 1 0.146068 0.0611725 0.351293
60.9847 1 0.147629 0.0401791 0.0580321
61.0347 1 0.150825 0.0334649 0.144161
61.0847 1 0.132945 0.046378 0.571325
61.1347 1 0.138532 0.0186657 0.270742
61.1847 1 0.145529 0.0243372 0.097626
61.2347 1 0.160806 0.133556 0.495833
61.2847 1 0.15295 0.0399426 0.567142
61.3347 1 0.141185 0.339823 0.548973
61.3846 1 0.138113 0.0279982 0.130714
61.4346 1 0.160162 0.0465394 0.461992
61.4846 1 0.127061 0.188909 0.131205
61.5346 1 0.148454 0.0560453 0.214037
61.5846 1 0.145975 0.029893 0.212607
61.6346 1 0.150837 0.0218249 0.114289
61.6846 1 0.141011 0.0237049 0.136297
61.7346 1 0.141314 0.0268947 0.121314
61.7845 1 0.153745 0.00995096 0.0759809
61.8345 1 0.156333 0.0463424 0.118007
61.8845 1 0.147166 0.0268029 0.201325
61.9345 1 0.132955 0.0454903 0.371036
61.9845 1 0.158637 0.0382803 0.0969307
62.0345 1 0.145245 0.0289863 0.103461
62.0845 1 0.152246 0.0228438 0.0943407
62.1345 1 0.14631 0.0592175 0.123748
62.1844 1 0.145919 0.0348227 0.0861134
62.2344 1 0.150856 0.0591688 0.175388
62.2844 1 0.148986 0.0284828 0.104706
62.3344 1 0.148476 0.0269501 0.120597
62.3844 1 0.149241 0.035933 0.074822
62.4344 1 0.155633 0.0196215 0.120742
62.4844 1 0.148456 0.015113 0.0222673
62.5344 1 0.156751 0.0603864 0.180105
62.5843 1 0.144576 0.0343355 0.136346
62.6343 1 0.132833 0.0715864 0.19487
62.6843 1 0.165662 0.0419854 0.0538127
62.7343 1 0.153214 0.0242715 0.02593
62.7843 1 0.148462 0.0223355 0.0348749
62.8343 1 0.134846 0.0994872 0.259123
62.8843 1 0.144384 0.021722 0.0117364
62.9343 1 0.159921 0.0336871 0.047942
62.9842 1 0.149797 0.0333662 0.0793236
63.0342 1 0.134038 0.0423953 0.0520129
63.0842 1 0.149675 0.0385602 0.0579998
63.1342 1 0.150349 0.0791088 0.121638
63.1842 1 0.151013 0.0188076 0.0299924
63.2342 1 0.152028 0.0255829 0.0272229
63.2842 1 0.141915 0.0418204 0.0941183
63.3342 1 0.141957 0.02959 0.0485349
63.3841 1 0.145579 0.0362056 0.0637978
63.4341 1 0.113334 0.115901 0.336859
63.4841 1 0.139539 0.0376328 0.0369139
63.5341 1 0.187528 0.155022 0.226983
63.5841 1 0.139433 0.0249253 0.0530268
63.6341 1 0.145426 0.032554 0.066173
63.6841 1 0.149949 0.0249283 0.0688533
63.7341 1 0.144039 0.0576145 0.0640518
63.784 1 0.146237 0.0231554 0.112245
63.834 1 0.151324 0.0152233 0.0770301
63.884 1 0.15558 0.039147 0.258383
63.934 1 0.148759 0.0274008 0.0597734
63.984 1 0.172717 0.250426 2.05231
64.034 1 0.144736 0.0319715 0.105226
64.084 1 0.146461 0.0823843 0.474812
64.134 1 0.151875 0.0279274 0.0699754
64.1839 1 0.140118 0.0301347 0.11593
64.2339 1 0.143961 0.0385739 0.0809276
64.2839 1 0.14855 0.0172842 0.142003
64.3339 1 0.152339 0.0190537 0.17757
64.3839 1 0.16332 0.0666481 0.451106
64.4339 1 0.15916 0.0217947 0.173948
64.4839 1 0.147121 0.0300449 0.0794564
64.5339 1 0.15341 0.0143666 0.0493287
64.5838 1 0.151915 0.0206757 0.164151
64.6338 1 0.149574 0.0284926 0.107924
64.6838 1 0.122015 0.056109 0.497811
64.7338 1 0.143619 0.0616472 0.241908
64.7838 1 0.180594 0.069766 0.473718
64.8338 1 0.143018 0.0440838 0.789645
64.8838 1 0.132504 0.065641 0.226166
64.9338 1 0.150633 0.0134574 0.206335
64.9837 1 0.155634 0.0503194 0.479003
65.0337 1 0.158038 0.0281671 0.251652
65.0837 1 0.138421 0.0522864 0.267763
65.1337 1 0.148057 0.0213736 0.201876
65.1837 1 0.159549 0.0303598 0.15458
65.2337 1 0.159579 0.0306946 0.266775
65.2837 1 0.166343 0.0379196 0.52156
65.3337 1 0.167356 0.0360409 0.699479
65.3836 1 0.1464 0.036318 0.0919806
65.4336 1 0.142762 0.0379337 0.179152
65.4836 1 0.151887 0.0128293 0.0578787
65.5336 1 0.163379 0.0592357 0.429615
65.5836 1 0.157689 0.0228188 0.203228
65.6336 1 0.155488 0.0336695 0.208817
65.6836 1 0.149129 0.0505784 0.360539
65.7336 1 0.148725 0.0278186 0.0606329
65.7835 1 0.145323 0.0306059 0.310666
65.8335 1 0.155835 0.0232278 0.311293
65.8835 1 0.156726 0.035552 0.51013
65.9335 1 0.147399 0.0204671 0.191278
65.9835 1 0.159903 0.019085 0.196461
66.0335 1 0.149114 0.0144141 0.232727
66.0835 1 0.154686 0.048121 0.503586
66.1335 1 0.169645 0.0330321 0.359814
66.1834 1 0.173949 0.0249337 0.291133
66.2334 1 0.172254 0.0643678 0.705973
66.2834 1 0.472122 1.5648 13.9004
66.3334 1 0.154175 0.0158804 0.213497
66.3834 1 0.160084 0.0177352 0.164452
66.4334 1 0.155 0.0193086 0.306986
66.4834 1 0.216117 0.174063 1.64138
66.5334 1 0.166251 0.0649962 0.888122
66.5833 1 0.127792 0.0486873 0.899452
66.6333 1 0.13923 0.0298473 0.420864
66.6833 1 0.156008 0.0217617 0.188336
66.7333 1 0.155633 0.0610672 1.21595
66.7833 1 0.16626 0.0736332 0.689206
66.8333 1 0.168379 0.0383101 0.206859
66.8833 1 0.12175 0.0390898 0.910027
66.9333 1 0.129073 0.0241189 0.683873
66.9832 1 0.123738 0.0296293 0.443597
67.0332 1 0.161379 0.0287031 0.78878
67.0832 1 0.136695 0.0165915 0.0128271
67.1332 1 0.110633 0.0932566 1.00565
67.1832 1 0.160725 0.0456294 0.516911
67.2332 1 0.147638 0.0331438 0.641533
67.2832 1 0.146143 0.0138934 0.0845779
67.3332 1 0.159264 0.014609 0.238557
67.3831 1 0.243507 0.285255 7.12653
67.4331 1 0.154792 0.015605 0.283949
67.4831 1 0.16733 0.0614723 0.645641
67.5331 1 0.159866 0.0213172 0.706908
67.5831 1 0.158788 0.0260317 0.394632
67.6331 1 0.165112 0.0140427 0.328945
67.6831 1 0.168737 0.0784661 1.22542
67.7331 1 0.113072 0.0459211 0.670066
67.783 1 0.166896 0.023681 0.258898
67.833 1 0.166326 0.0440239 0.761849
67.883 1 0.172551 0.0278474 0.43111
67.933 1 0.154434 0.0260955 0.487177
67.983 1 0.147465 0.0210842 0.600129
68.033 1 0.164226 0.0245632 0.611855
68.083 1 0.150591 0.0401143 0.735779
68.133 1 0.164543 0.052948 0.231714
68.1829 1 0.137061 0.0364772 0.527823
68.2329 1 0.161262 0.0260579 0.505309
68.2829 1 0.143871 0.0273236 0.415571
68.3329 1 0.149977 0.0261311 0.133755
68.3829 1 0.155198 0.0231023 0.541876
68.4329 1 0.15226 0.0207591 0.12645
68.4829 1 0.078905 0.0776201 1.17634
68.5329 1 0.150209 0.0241757 0.485311
68.5828 1 0.154514 0.025232 0.275477
68.6328 1 0.157336 0.0232573 0.357776
68.6828 1 0.170619 0.0317426 0.102689
68.7328 1 0.170245 0.014693 0.385737
68.7828 1 0.128351 0.060603 0.709608
68.8328 1 0.140785 0.0346245 1.08712
68.8828 1 0.156203 0.00928264 0.536387
68.9328 1 0.181218 0.0253454 0.340735
68.9827 1 0.156735 0.0101297 0.151924
69.0327 1 0.155946 0.0329192 0.681516
69.0827 1 0.137347 0.0333736 0.494883
69.1327 1 0.167786 0.122467 3.65395
69.1827 1 0.161843 0.0241772 0.261777
69.2327 1 0.209561 0.0464076 0.201053
69.2827 1 0.164068 0.0285292 0.969483
69.3327 1 0.1608 0.00941358 0.320199
69.3826 1 0.104791 0.0765476 1.00609
69.4326 1 0.155493 0.0329378 0.177886
69.4826 1 0.157957 0.0143422 0.284628
69.5326 1 0.221932 0.0758432 0.523948
69.5826 1 0.155486 0.0154912 0.349372
69.6326 1 0.149387 0.0605927 0.483083
69.6826 1 0.148071 0.0160953 0.0897599
69.7326 1 0.191288 0.0350062 0.920846
69.7825 1 0.154605 0.0565754 0.614674
69.8325 1 0.155744 0.0183762 0.0880581
69.8825 1 0.143848 0.0440263 0.428429
69.9325 1 0.18634 0.031124 0.409641
69.9825 1 0.141023 0.0619731 0.709018
70.0325 1 0.166563 0.0308122 0.0983454
70.0825 1 0.159779 0.0426002 0.89167
70.1325 1 0.158533 0.0148656 0.242591
70.1824 1 0.164576 0.0814938 0.53061
70.2324 1 0.159164 0.0123602 0.20162
70.2824 1 0.173575 0.0235852 0.650924
70.3324 1 0.146164 0.0536416 0.618328
70.3824 1 0.153945 0.0465286 0.34328
70.4324 1 0.138681 0.0683993 0.778459
70.4824 1 0.162994 0.0191583 0.33865
70.5324 1 0.161437 0.0299218 0.231587
70.5823 1 0.145522 0.0298405 0.479726
70.6323 1 0.158594 0.00977045 0.160276
70.6823 1 0.144004 0.0290797 0.258106
70.7323 1 0.162747 0.0394245 0.491964
70.7823 1 0.149241 0.0223957 0.186998
70.8323 1 0.158784 0.0392964 0.350929
70.8823 1 0.171761 0.0258063 0.145104
70.9323 1 0.17043 0.0377421 0.837033
70.9822 1 0.167112 0.0491338 0.450752
71.0322 1 0.159499 0.0180295 0.190947
71.0822 1 0.0911838 0.250969 1.78761
71.1322 1 0.175352 0.0243965 0.294835
71.1822 1 0.162822 0.0204808 0.660542
71.2322 1 0.164205 0.0275664 0.208017
71.2822 1 0.164786 0.0135106 0.145289
71.3322 1 0.152523 0.0167649 0.242523
71.3821 1 0.15967 0.0256709 0.507355
71.4321 1 0.192127 0.14851 0.871663
71.4821 1 0.161812 0.01839 0.243227
71.5321 1 0.141914 0.106297 1.48097
71.5821 1 0.161524 0.0250299 0.129413
71.6321 1 0.174204 0.166435 1.13749
71.6821 1 0.161106 0.0162728 0.107699
71.7321 1 0.160856 0.0424953 0.612169
71.782 1 0.165545 0.0185537 0.18809
71.832 1 0.163218 0.0270888 0.120418
71.882 1 0.148385 0.0297657 0.363726
71.932 1 0.166788 0.054475 0.0978471
71.982 1 0.172765 0.0234854 0.26211
72.032 1 0.154203 0.0207938 0.121242
72.082 1 0.151021 0.0315402 0.0978144
72.132 1 0.16474 0.0171698 0.024478
72.1819 1 0.164616 0.0352514 0.14886
72.2319 1 0.153801 0.113386 0.770568
72.2819 1 0.158377 0.0293914 0.0889826
72.3319 1 0.164557 0.036473 0.177849
72.3819 1 0.149892 0.036391 0.12329
72.4319 1 0.166119 0.0376977 0.123106
72.4819 1 0.170834 0.0486266 0.240116
72.5319 1 0.160412 0.010452 0.0141347
72.5818 1 0.158001 0.0141895 0.0588999
72.6318 1 0.163644 0.0177356 0.0742915
72.6818 1 0.157746 0.022292 0.0995391
72.7318 1 0.1425 0.42402 0.956209
72.7818 1 0.165273 0.117901 0.342661
72.8318 1 0.156102 0.0282435 0.132387
72.8818 1 0.161955 0.0710923 0.424803
72.9318 1 0.159138 0.0173183 0.138084
72.9817 1 0.164188 0.0210442 0.05871
73.0317 1 0.169154 0.0775491 0.187389
73.0817 1 0.160454 0.031573 0.0624819
73.1317 1 0.167255 0.0215891 0.10549
73.1817 1 0.164271 0.0326617 0.0585107
73.2317 1 0.178628 0.055485 0.146359
73.2817 1 0.165144 0.0237403 0.0406679
73.3317 1 0.139613 0.0495852 0.121293
73.3816 1 0.170703 0.0236278 0.0889968
73.4316 1 0.162386 0.018339 0.0485944
73.4816 1 0.15912 0.059817 0.0322761
73.5316 1 0.164528 0.0372075 0.0686014
73.5816 1 0.166137 0.0171981 0.031241
73.6316 1 0.159261 0.051143 0.0859094
73.6816 1 0.158228 0.0462447 0.0582225
73.7316 1 0.168981 0.0673696 0.070949
73.7815 1 0.176146 0.0445516 0.0597543
73.8315 1 0.167807 0.0298419 0.079053
73.8815 1 0.14125 0.0489223 0.0894649
73.9315 1 0.15935 0.0447833 0.0833816
73.9815 1 0.162303 0.0270025 0.0812303
74.0315 1 0.163267 0.0232407 0.0385225
74.0815 1 0.160809 0.0286834 0.0378848
74.1315 1 0.171983 0.0376463 0.0998228
74.1814 1 0.167925 0.0845882 0.124084
74.2314 1 0.166025 0.0343058 0.0649961
74.2814 1 0.162116 0.0682553 0.216112
74.3314 1 0.155707 0.0250646 0.0364356
74.3814 1 0.141389 0.0680243 0.100996
74.4314 1 0.176501 0.0294336 0.0192393
74.4814 1 0.187318 0.0529408 0.262754
74.5314 1 0.187778 0.0416059 0.335208
74.5813 1 0.173146 0.0146042 0.110635
74.6313 1 0.171826 0.113592 0.232389
74.6813 1 0.164896 0.0239051 0.164605
74.7313 1 0.165536 0.0268839 0.0564193
74.7813 1 0.161699 0.0205395 0.172095
74.8313 1 0.163303 0.0222609 0.104857
74.8813 1 0.204906 0.0682495 0.50035
74.9313 1 0.160972 0.187226 0.888153
74.9812 1 0.161388 0.0107043 0.0411535
75.0312 1 0.164453 0.00863666 0.0711969
75.0812 1 0.164465 0.13154 1.18581
75.1312 1 0.147584 0.043873 0.151217
75.1812 1 0.167171 0.0317295 0.0703213
75.2312 1 0.16075 0.0137308 0.0433829
75.2812 1 0.16465 0.0399581 0.281405
75.3312 1 0.173262 0.01449 0.0202207
75.3811 1 0.167677 0.0396861 0.0471254
75.4311 1 0.181039 0.06405 0.158531
75.4811 1 0.154988 0.0291253 0.329967
75.5311 1 0.166387 0.074701 0.461951
75.5811 1 0.152287 0.0686974 0.391231
75.6311 1 0.172247 0.0342458 0.344265
75.6811 1 0.16945 0.0131599 0.0668608
75.7311 1 0.15966 0.0217228 0.0967468
75.781 1 0.186189 0.0476595 0.265115
75.831 1 0.162274 0.034173 0.290663
75.881 1 0.169057 0.0247886 0.395844
75.931 1 0.159726 0.210494 0.353976
75.981 1 0.158881 0.0733681 0.173677
76.031 1 0.168833 0.0152807 0.0634011
76.081 1 0.170686 0.33494 0.886278
76.131 1 0.15831 0.0244962 0.256012
76.1809 1 0.161199 0.0208072 0.140299
76.2309 1 0.176569 0.0159753 0.231882
76.2809 1 0.171601 0.017681 0.195162
76.3309 1 0.1709 0.0107432 0.198703
76.3809 1 0.162633 0.0450437 0.310228
76.4309 1 0.132402 0.186683 1.19693
76.4809 1 0.163831 0.0281334 0.19444
76.5309 1 0.163967 0.0710576 0.646451
76.5808 1 0.167796 0.0386013 0.135673
76.6308 1 0.169858 0.0160494 0.154994
76.6808 1 0.170052 0.012632 0.230824
76.7308 1 0.159237 0.0238725 0.40489
76.7808 1 0.169886 0.0443081 0.432815
76.8308 1 0.164952 0.0115401 0.207948
76.8808 1 0.173913 0.0206493 0.0997458
76.9308 1 0.165716 0.00648209 0.060465
76.9807 1 0.172515 0.0988574 0.925652
77.0307 1 0.172218 0.0257229 0.212224
77.0807 1 0.165119 0.0125884 0.202044
77.1307 1 0.165258 0.0213804 0.0788269
77.1807 1 0.159236 0.026602 0.381612
77.2307 1 0.236997 0.0805918 1.07028
77.2807 1 0.169937 0.0213555 0.124641
77.3307 1 0.159791 0.0142567 0.229986
77.3806 1 0.166156 0.0133011 0.162028
77.4306 1 0.134853 0.045987 0.117047
77.4806 1 0.169908 0.0207015 0.118362
77.5306 1 0.169739 0.0255024 0.11644
77.5806 1 0.180224 0.0154283 0.286398
77.6306 1 0.166646 0.0232485 0.369515
77.6806 1 0.159944 0.0204247 0.125948
77.7306 1 0.163873 0.0348644 0.0595884
77.7805 1 0.175613 0.0553826 0.509549
77.8305 1 0.172322 0.0122895 0.19742
77.8805 1 0.195517 0.181457 1.97802
77.9305 1 0.170029 0.020386 0.186364
77.9805 1 0.191657 0.0713855 0.696948
78.0305 1 0.157583 0.0330315 0.323405
78.0805 1 0.180965 0.0647608 0.5191
78.1305 1 0.154567 0.0660471 1.0751
78.1804 1 0.152086 0.02233 0.220308
78.2304 1 0.172676 0.0131461 0.0455303
78.2804 1 0.221261 0.0504046 0.254819
78.3304 1 0.18088 0.0174111 0.151907
78.3804 1 0.168418 0.0145239 0.201212
78.4304 1 0.166571 0.0120503 0.107056
78.4804 1 0.170898 0.0262067 0.0831287
78.5304 1 0.169901 0.0556604 0.183761
78.5803 1 0.182496 0.0402563 0.524751
78.6303 1 0.162417 0.00815433 0.303963
78.6803 1 0.16837 0.0275933 0.0489082
78.7303 1 0.17297 0.0184885 0.332533
78.7803 1 0.170428 0.00844716 0.0909641
78.8303 1 0.166015 0.0265353 0.0451584
78.8803 1 0.176872 0.0442577 0.374682
78.9303 1 0.170175 0.00982677 0.169346
78.9802 1 0.161915 0.0133682 0.180974
79.0302 1 0.171389 0.0329692 0.270705
79.0802 1 0.170118 0.0842605 0.478117
79.1302 1 0.157622 0.0357609 0.707809
79.1802 1 0.168899 0.0240156 0.183812
79.2302 1 0.164907 0.0273421 0.531567
79.2802 1 0.171044 0.0186702 0.235422
79.3302 1 0.174117 0.0102283 0.184061
79.3801 1 0.178594 0.016638 0.237797
79.4301 1 0.170659 0.0158008 0.13623
79.4801 1 0.172467 0.0177764 0.261723
79.5301 1 0.171562 0.0193599 0.0851244
79.5801 1 0.222495 0.0393553 0.778338
79.6301 1 0.113443 0.0747421 1.21007
79.6801 1 0.170462 0.0165079 0.0203351
79.7301 1 0.16909 0.0484862 0.865516
79.78 1 0.154701 0.0488748 0.753452
79.83 1 0.164427 0.0135607 0.0769556
79.88 1 0.170642 0.0319562 0.280203
79.93 1 0.158869 0.0152762 0.35099
79.98 1 0.172445 0.0282681 0.796169
80.03 1 0.16588 0.0188764 0.151165
80.08 1 0.176779 0.0345597 0.380193
80.13 1 0.180015 0.0333058 0.146492
80.1799 1 0.174482 0.0164289 0.129937
80.2299 1 0.181242 0.0288586 0.442781
80.2799 1 0.193296 0.027141 0.0996118
80.3299 1 0.0923051 0.0988289 2.54358
80.3799 1 0.174446 0.062674 1.1244
80.4299 1 0.167193 0.0509226 0.238281
80.4799 1 0.169792 0.00904794 0.0944662
80.5299 1 0.177743 0.0287711 0.373545
80.5798 1 0.181973 0.0186671 0.129055
80.6298 1 0.169699 0.0121959 0.118648
80.6798 1 0.175902 0.0179062 0.145953
80.7298 1 0.175498 0.0509831 0.249171
80.7798 1 0.179705 0.129347 1.64805
80.8298 1 0.166697 0.018025 0.0866159
80.8798 1 0.169074 0.0127283 0.125549
80.9298 1 0.166647 0.0292754 0.39805
80.9797 1 0.176251 0.0182782 0.0746757
81.0297 1 0.263575 0.241756 0.974762
81.0797 1 0.186961 0.0554326 0.199402
81.1297 1 0.184319 0.0209307 0.162691
81.1797 1 0.187811 0.0348699 0.492583
81.2297 1 0.15898 0.0326513 0.211795
81.2797 1 0.19542 0.134534 0.906625
81.3297 1 0.164424 0.0294871 0.255961
81.3796 1 0.17136 0.0476463 0.402339
81.4296 1 0.169826 0.0265335 0.120863
81.4796 1 0.180465 0.0465101 0.209761
81.5296 1 0.173633 0.016471 0.205634
81.5796 1 0.17074 0.00973712 0.0598782
81.6296 1 0.177152 0.0154153 0.183119
81.6796 1 0.169875 0.0235949 0.195312
81.7296 1 0.170143 0.0297167 0.178364
81.7795 1 0.176137 0.0447426 0.298196
81.8295 1 0.176559 0.0459116 0.421727
81.8795 1 0.164 0.0225041 0.097466
81.9295 1 0.174055 0.0245067 0.132176
81.9795 1 0.167264 0.0239107 0.147655
82.0295 1 0.166766 0.0152941 0.0300381
82.0795 1 0.168928 0.0154398 0.166877
82.1295 1 0.169642 0.0548772 0.0889936
82.1794 1 0.168465 0.0213888 0.115635
82.2294 1 0.191585 0.0315611 0.4288
82.2794 1 0.16389 0.0168724 0.0563007
82.3294 1 0.172242 0.0246525 0.0842795
82.3794 1 0.168832 0.0222678 0.160873
82.4294 1 0.175773 0.0569101 0.314516
82.4794 1 0.158944 0.034962 0.312648
82.5294 1 0.17263 0.0111299 0.0635371
82.5793 1 0.154704 0.075234 0.740397
82.6293 1 0.179553 0.0829288 0.281501
82.6793 1 0.132759 0.184723 1.87183
82.7293 1 0.169529 0.0126613 0.0249458
82.7793 1 0.169461 0.013355 0.0743441
82.8293 1 0.167703 0.0243016 0.0118237
82.8793 1 0.172077 0.0169738 0.043348
82.9293 1 0.165341 0.0209045 0.0873815
82.9792 1 0.169789 0.0123766 0.0980932
83.0292 1 0.171526 0.0141169 0.0139445
83.0792 1 0.169476 0.0155301 0.0930719
83.1292 1 0.168446 0.0485215 0.181132
83.1792 1 0.175852 0.0205028 0.110675
83.2292 1 0.158566 0.0416503 0.0944566
83.2792 1 0.161032 0.0150139 0.0377605
83.3292 1 0.16677 0.00769885 0.00568061
83.3791 1 0.169357 0.00491078 0.0150959
83.4291 1 0.170292 0.00381084 0.0133755
83.4791 1 0.166092 0.0143102 0.0564018
83.5291 1 0.166462 0.0203515 0.00832653
83.5791 1 0.168886 0.00854356 0.011197
83.6291 1 0.168025 0.00521189 0.0065887
83.6791 1 0.168624 0.0051948 0.00520534
83.7291 1 0.171963 0.00903266 0.0114523
83.779 1 0.17131 0.00693011 0.0160568
83.829 1 0.170088 0.00652308 0.00487016
83.879 1 0.173713 0.0037236 0.0101455
83.929 1 0.191963 0.0590706 0.0846788
83.979 1 0.169684 0.0117239 0.0298075
84.029 1 0.171955 0.00469997 0.00774109
84.079 1 0.172549 0.00741598 0.0122074
84.129 1 0.170179 0.00783973 0.00843579
84.1789 1 0.171927 0.00602527 0.0101093
84.2289 1 0.172111 0.0152934 0.0195448
84.2789 1 0.171941 0.00253953 0.00519866
84.3289 1 0.171599 0.00173161 0.00256539
84.3789 1 0.171519 0.00431442 0.00326828
84.4289 1 0.161328 0.0191679 0.0332893
84.4789 1 0.169758 0.0364644 0.0634259
84.5289 1 0.167949 0.0108612 0.0124916
84.5788 1 0.172722 0.00163941 0.00442669
84.6288 1 0.174515 0.00246768 0.00914824
84.6788 1 0.169806 0.00362244 0.0123677
84.7288 1 0.172854 0.00179201 0.0065173
84.7788 1 0.171817 0.00455245 0.0112434
84.8288 1 0.173925 0.00471562 0.0142873
84.8788 1 0.174795 0.00353888 0.0085079
84.9288 1 0.178887 0.0108507 0.0344745
84.9787 1 0.173723 0.0100584 0.0291281
85.0287 1 0.170355 0.0169395 0.0381301
85.0787 1 0.173507 0.00777543 0.0240805
85.1287 1 0.172431 0.00768128 0.0107861
85.1787 1 0.175741 0.014774 0.0109556
85.2287 1 0.16451 0.0280546 0.0716636
85.2787 1 0.172294 0.0069582 0.00953268
85.3287 1 0.175874 0.00397299 0.0215476
85.3786 1 0.171238 0.00908831 0.028814
85.4286 1 0.175918 0.0112292 0.0720608
85.4786 1 0.178636 0.0102377 0.0721644
85.5286 1 0.16966 0.00865955 0.061779
85.5786 1 0.172066 0.0100637 0.0130214
85.6286 1 0.174409 0.012097 0.0482228
85.6786 1 0.167198 0.0202662 0.225032
85.7286 1 0.17301 0.0127464 0.0505643
85.7785 1 0.173607 0.00361196 0.0269081
85.8285 1 0.178825 0.00411744 0.0185914
85.8785 1 0.183476 0.0229757 0.176599
85.9285 1 0.17658 0.00782989 0.0254615
85.9785 1 0.183599 0.036649 0.175601
86.0285 1 0.186617 0.0392082 0.231217
86.0785 1 0.17583 0.00840552 0.0931414
86.1285 1 0.177219 0.0110954 0.0382243
86.1784 1 0.172563 0.00799996 0.0968041
86.2284 1 0.182458 0.0201515 0.163204
86.2784 1 0.173877 0.0139265 0.0654761
86.3284 1 0.17749 0.013369 0.0716163
86.3784 1 0.177446 0.012431 0.17657
86.4284 1 0.175629 0.0265328 0.329973
86.4784 1 0.18707 0.0655456 0.113686
86.5284 1 0.15591 0.039991 0.260859
86.5783 1 0.171182 0.01868 0.203221
86.6283 1 0.170837 0.0222735 0.214747
86.6783 1 0.175706 0.0387358 0.113811
86.7283 1 0.177515 0.00824506 0.133398
86.7783 1 0.178794 0.00635904 0.0036617
86.8283 1 0.235382 0.265474 2.50016
86.8783 1 0.182088 0.0119331 0.208285
86.9283 1 0.173454 0.0143789 0.193096
86.9782 1 0.178366 0.0194032 0.107224
87.0282 1 0.179692 0.0173091 0.041272
87.0782 1 0.166384 0.0307413 0.0748546
87.1282 1 0.173036 0.0104561 0.0295799
87.1782 1 0.169961 0.0128097 0.0680645
87.2282 1 0.195898 0.0438949 0.478551
87.2782 1 0.173943 0.0303918 0.230414
87.3282 1 0.195571 0.0672976 0.416962
87.3781 1 0.177178 0.0157867 0.101612
87.4281 1 0.176847 0.0188515 0.155761
87.4781 1 0.17953 0.0332164 0.232854
87.5281 1 0.179993 0.020134 0.0597999
87.5781 1 0.170281 0.0253143 0.154909
87.6281 1 0.147663 0.073846 0.391636
87.6781 1 0.175818 0.0263903 0.185794
87.7281 1 0.159327 0.0379192 0.281237
87.778 1 0.186104 0.0365058 0.113176
87.828 1 0.179403 0.0371636 0.320232
87.878 1 0.192502 0.0472777 0.37469
87.928 1 0.174708 0.00611139 0.0561878
87.978 1 0.174254 0.0109788 0.141119
88.028 1 0.165149 0.0284077 0.301885
88.078 1 0.178058 0.0110052 0.112711
88.128 1 0.179961 0.014024 0.04687
88.1779 1 0.178893 0.0498829 0.293665
88.2279 1 0.182651 0.031901 0.0788167
88.2779 1 0.227511 0.103871 0.512787
88.3279 1 0.180397 0.0139002 0.289022
88.3779 1 0.175975 0.0386481 0.356813
88.4279 1 0.174909 0.0155228 0.168569
88.4779 1 0.204263 0.0547636 0.317834
88.5279 1 0.172295 0.0687207 0.365975
88.5778 1 0.175058 0.0229644 0.164109
88.6278 1 0.172921 0.0177508 0.223387
88.6778 1 0.172422 0.0130399 0.242566
88.7278 1 0.14837 0.0426454 0.555399
88.7778 1 0.177372 0.0315615 0.152047
88.8278 1 0.177295 0.0156283 0.140216
88.8778 1 0.176055 0.0173952 0.0329877
88.9278 1 0.184117 0.0424774 0.564713
88.9777 1 0.191026 0.0443457 0.978694
89.0277 1 0.171211 0.0825634 0.169448
89.0777 1 0.186657 0.0505444 0.228494
89.1277 1 0.167489 0.0405702 0.433874
89.1777 1 0.19976 0.0405666 0.225847
89.2277 1 0.169136 0.0211915 0.20767
89.2777 1 0.178106 0.0295504 0.288826
89.3277 1 0.17163 0.0155143 0.153932
89.3776 1 0.102058 0.264482 3.95611
89.4276 1 0.174705 0.0373109 0.253888
89.4776 1 0.180823 0.0732644 0.0755188
89.5276 1 0.183551 0.0211888 0.290222
89.5776 1 0.186518 0.0259881 0.367843
89.6276 1 0.174282 0.0209102 0.0370453
89.6776 1 0.181754 0.0315004 0.107837
89.7276 1 0.171601 0.0193994 0.150683
89.7775 1 0.16735 0.020917 0.193256
89.8275 1 0.191776 0.0303055 0.0370328
89.8775 1 0.154657 0.05128 0.553149
89.9275 1 0.177103 0.031165 0.145722
89.9775 1 0.188391 0.0262378 0.334105
90.0275 1 0.173395 0.0219028 0.244088
90.0775 1 0.180197 0.022729 0.436373
90.1275 1 0.174501 0.00903011 0.117586
90.1774 1 0.159298 0.0297138 0.163959
90.2274 1 0.173504 0.0190601 0.159144
90.2774 1 0.184054 0.0286433 0.0506054
90.3274 1 0.182004 0.0528109 0.491233
90.3774 1 0.180262 0.0130774 0.18037
90.4274 1 0.187426 0.02003 0.0962719
90.4774 1 0.168911 0.0164761 0.350874
90.5274 1 0.175095 0.0171528 0.0703851
90.5773 1 0.18015 0.0280194 0.341181
90.6273 1 0.17718 0.0102549 0.066735
90.6773 1 0.139722 0.0627901 0.259684
90.7273 1 0.175063 0.0167552 0.205429
90.7773 1 0.182138 0.0234229 0.140277
90.8273 1 0.189632 0.0315118 0.174518
90.8773 1 0.187554 0.0350434 0.714992
90.9273 1 0.180757 0.0605739 0.593426
90.9772 1 0.181937 0.0159372 0.183968
91.0272 1 0.168769 0.0181579 0.146081
91.0772 1 0.198888 0.056089 0.751647
91.1272 1 0.177413 0.0162206 0.0534891
91.1772 1 0.183121 0.0169928 0.177996
91.2272 1 0.171232 0.0307179 0.444156
91.2772 1 0.207473 0.064523 0.533662
91.3272 1 0.197797 0.0517748 0.70266
91.3771 1 0.160147 0.0296385 0.156071
91.4271 1 0.178775 0.0270816 0.267603
91.4771 1 0.168171 0.0514968 0.268126
91.5271 1 0.176682 0.0221302 0.265625
91.5771 1 0.185269 0.0298354 0.325809
91.6271 1 0.177503 0.0305173 0.146826
91.6771 1 0.177646 0.0149467 0.175893
91.7271 1 0.1858 0.0734959 0.295834
91.777 1 0.174667 0.0258489 0.332865
91.827 1 0.172411 0.0199015 0.134245
91.877 1 0.174946 0.0307737 0.366018
91.927 1 0.174256 0.0213646 0.175617
91.977 1 0.165522 0.0223933 0.251147
92.027 1 0.171575 0.0163733 0.105634
92.077 1 0.178408 0.0201316 0.068599
92.127 1 0.205254 0.115204 0.836153
92.1769 1 0.174817 0.0315587 0.216059
92.2269 1 0.189182 0.0293498 0.195366
92.2769 1 0.185658 0.0474982 0.36327
92.3269 1 0.182306 0.0364449 0.121262
92.3769 1 0.161341 0.0230255 0.246972
92.4269 1 0.181246 0.0338084 0.3367
92.4769 1 0.177135 0.029555 0.210365
92.5269 1 0.182186 0.0821266 0.587553
92.5768 1 0.177633 0.0295065 0.127734
92.6268 1 0.173507 0.0364985 0.0975665
92.6768 1 0.205101 0.0397765 0.511239
92.7268 1 0.17471 0.025609 0.0442168
92.7768 1 0.177675 0.0106802 0.073848
92.8268 1 0.168143 0.0762938 0.183465
92.8768 1 0.178908 0.030051 0.0343047
92.9268 1 0.181087 0.11143 0.0631149
92.9767 1 0.177707 0.216771 0.555248
93.0267 1 0.173513 0.120773 0.627317
93.0767 1 0.183805 0.106725 0.289014
93.1267 1 0.18287 0.0335696 0.167045
93.1767 1 0.188737 0.019358 0.259336
93.2267 1 0.173872 0.0201618 0.106055
93.2767 1 0.182742 0.026573 0.071158
93.3267 1 0.169966 0.0187855 0.0595374
93.3766 1 0.174963 0.0350257 0.196095
93.4266 1 0.160854 0.0542194 0.407151
93.4766 1 0.179279 0.0193887 0.104724
93.5266 1 0.176941 0.0189819 0.0522853
93.5766 1 0.168255 0.0215922 0.0229429
93.6266 1 0.175998 0.0451944 0.200758
93.6766 1 0.198423 0.0710888 0.279345
93.7266 1 0.14494 0.0330249 0.112506
93.7765 1 0.165101 0.0299088 0.205758
93.8265 1 0.178109 0.0422876 0.314676
93.8765 1 0.175281 0.0205718 0.0426465
93.9265 1 0.172719 0.0288351 0.073224
93.9765 1 0.179028 0.0317654 0.135925
94.0265 1 0.178429 0.0176377 0.063685
94.0765 1 0.178091 0.058065 0.164341
94.1265 1 0.178908 0.0379127 0.110555
94.1764 1 0.180431 0.0347911 0.107579
94.2264 1 0.17573 0.0331186 0.102601
94.2764 1 0.178168 0.0120868 0.0291647
94.3264 1 0.178882 0.0208533 0.0336049
94.3764 1 0.17983 0.020136 0.0638727
94.4264 1 0.170714 0.0538829 0.0730385
94.4764 1 0.173604 0.0582755 0.106821
94.5264 1 0.175443 0.0337718 0.0489664
94.5763 1 0.178599 0.0299828 0.0320142
94.6263 1 0.159553 0.125074 0.162165
94.6763 1 0.179699 0.0349243 0.0379076
94.7263 1 0.179088 0.0307903 0.0451999
94.7763 1 0.17694 0.0705295 0.0929127
94.8263 1 0.181369 0.0194611 0.0484324
94.8763 1 0.1766 0.0240944 0.0387421
94.9263 1 0.18262 0.0231946 0.0302845
94.9762 1 0.178482 0.0306961 0.0708478
95.0262 1 0.175636 0.0485777 0.0900835
95.0762 1 0.174311 0.0186005 0.0188897
95.1262 1 0.180971 0.0194263 0.0089004
95.1762 1 0.178839 0.0169851 0.0379965
95.2262 1 0.174077 0.0135437 0.0269942
95.2762 1 0.177192 0.0233366 0.0614333
95.3262 1 0.182903 0.0165736 0.0550819
95.3761 1 0.183256 0.0140365 0.0279646
95.4261 1 0.169016 0.0421368 0.0836946
95.4761 1 0.188997 0.0211338 0.0578354
95.5261 1 0.173204 0.0396556 0.129301
95.5761 1 0.170071 0.0218136 0.0717132
95.6261 1 0.175156 0.036631 0.178114
95.6761 1 0.199087 0.0590769 0.0956092
95.7261 1 0.192104 0.0896732 0.280154
95.776 1 0.183937 0.0284854 0.0822473
95.826 1 0.170088 0.0239912 0.025681
95.876 1 0.18944 0.0396814 0.250396
95.926 1 0.174093 0.0580458 0.270913
95.976 1 0.180713 0.0286341 0.231337
96.026 1 0.177595 0.0337677 0.227388
96.076 1 0.178374 0.0351162 0.165878
96.126 1 0.191339 0.0498181 0.36674
96.1759 1 0.1722 0.0434351 0.542634
96.2259 1 0.181332 0.0445281 0.202756
96.2759 1 0.19858 0.0399567 0.409223
96.3259 1 0.196341 0.100728 0.573211
96.3759 1 0.183948 0.0476385 0.204369
96.4259 1 0.172357 0.033085 0.121528
96.4759 1 0.16639 0.112985 1.30591
96.5259 1 0.174838 0.0127498 0.0969289
96.5758 1 0.165588 0.0387223 0.17934
96.6258 1 0.177326 0.0322921 0.0567087
96.6758 1 0.175005 0.0218653 0.0881297
96.7258 1 0.18533 0.101338 0.418629
96.7758 1 0.175571 0.0199383 0.0763235
96.8258 1 0.192286 0.0356474 0.505882
96.8758 1 0.186383 0.0281179 0.144477
96.9258 1 0.176169 0.025549 0.0698917
96.9757 1 0.178555 0.0305423 0.193962
97.0257 1 0.279801 0.484295 2.43698
97.0757 1 0.170578 0.0951058 0.768212
97.1257 1 0.170382 0.0616098 1.0357
97.1757 1 0.192254 0.0555285 0.490941
97.2257 1 0.191572 0.0382995 0.235561
97.2757 1 0.165711 0.0606431 0.734291
97.3257 1 0.182933 0.0129633 0.116621
97.3756 1 0.175424 0.0230386 0.142789
97.4256 1 0.182127 0.016319 0.175918
97.4756 1 0.207492 0.0338173 0.413368
97.5256 1 0.16636 0.0210196 0.17314
97.5756 1 0.170213 0.0333554 0.348991
97.6256 1 0.152301 0.0478801 0.109801
97.6756 1 0.195551 0.104214 0.56623
97.7256 1 0.194067 0.0465385 0.433166
97.7755 1 0.189211 0.0284388 0.295386
97.8255 1 0.15079 0.0399139 0.522261
97.8755 1 0.176243 0.0241783 0.323915
97.9255 1 0.183236 0.0455255 0.0301007
97.9755 1 0.207044 0.0347386 0.280251
98.0255 1 0.185102 0.0351759 0.18523
98.0755 1 0.18242 0.0322425 0.155024
98.1255 1 0.166686 0.0241146 0.270091
98.1754 1 0.169522 0.0197883 0.536438
98.2254 1 0.213497 0.0580178 0.436031
98.2754 1 0.168393 0.0180261 0.097267
98.3254 1 0.193653 0.0388454 0.829521
98.3754 1 0.147891 0.0707361 0.65969
98.4254 1 0.160608 0.0501629 0.162717
98.4754 1 0.182351 0.0123887 0.0750174
98.5254 1 0.166176 0.0242554 0.143728
98.5753 1 0.185422 0.014327 0.0490759
98.6253 1 0.177244 0.0457622 0.0999491
98.6753 1 0.153494 0.0516007 0.259536
98.7253 1 0.14416 0.0296996 0.436721
98.7753 1 0.170274 0.0294499 0.0767749
98.8253 1 0.179076 0.0102704 0.0429742
98.8753 1 0.180952 0.0136493 0.203346
98.9253 1 0.163214 0.0307367 0.259261
98.9752 1 0.178415 0.027398 0.0589698
99.0252 1 0.183155 0.0202825 0.256761
99.0752 1 0.174595 0.0187482 0.535142
99.1252 1 0.177505 0.0261144 0.657239
99.1752 1 0.179712 0.028422 0.312173
99.2252 1 0.17858 0.0325145 0.0858536
99.2752 1 0.126828 0.0377303 0.185606
99.3252 1 0.164202 0.0380781 0.15812
99.3751 1 0.172527 0.0413116 0.506292
99.4251 1 0.184456 0.0347299 0.364693
99.4751 1 0.158114 0.0308703 0.447129
99.5251 1 0.20318 0.522177 2.58061
99.5751 1 0.175361 0.0263043 0.173662
99.6251 1 0.172368 0.0225003 0.304355
99.6751 1 0.163479 0.0391023 0.689548
99.7251 1 0.204576 0.0488909 0.782822
99.775 1 0.139014 0.050147 0.650929
99.825 1 0.183522 0.0376619 0.113372
99.875 1 0.189372 0.0225638 0.239865
99.925 1 0.225882 0.0465686 1.03019
99.975 1 0.198038 0.0198081 0.21203
